var JSONObj={
    "frames": [
        {
            "shape": {
                "color": "red",
                "radius": 1.0,
                "type": "Cylinder",
                "name": "shape1",
                "height": 10.0
            },
            "name": "frame1",
            "simulation_matrix": [
                [
                    [
                        0.984807753012208,
                        0.17101007166283433,
                        0.030153689607045803,
                        0.0
                    ],
                    [
                        -0.17364817766693033,
                        0.9698463103929541,
                        0.17101007166283433,
                        0.0
                    ],
                    [
                        0.0,
                        -0.17364817766693033,
                        0.984807753012208,
                        0.0
                    ],
                    [
                        0.8682408883346516,
                        -4.84923155196477,
                        -0.8550503583141716,
                        1.0
                    ]
                ],
                [
                    [
                        0.9848833451125111,
                        0.17060071184454204,
                        0.030003227128526225,
                        0.0
                    ],
                    [
                        -0.17321892656401724,
                        0.969996772829161,
                        0.17059151262891906,
                        0.0
                    ],
                    [
                        0.0,
                        -0.1732098664024327,
                        0.9848849385490933,
                        0.0
                    ],
                    [
                        0.8660946328200863,
                        -4.849983864145805,
                        -0.8529575631445953,
                        1.0
                    ]
                ],
                [
                    [
                        0.9851042433006515,
                        0.1693983647883982,
                        0.02956051146491698,
                        0.0
                    ],
                    [
                        -0.17195822117901405,
                        0.9704394870863454,
                        0.16934453658899057,
                        0.0
                    ],
                    [
                        0.0,
                        -0.17190519454224604,
                        0.9851134980749134,
                        0.0
                    ],
                    [
                        0.8597911058950702,
                        -4.852197435431727,
                        -0.8467226829449529,
                        1.0
                    ]
                ],
                [
                    [
                        0.9854555928506915,
                        0.1674667103231015,
                        0.028847451409968014,
                        0.0
                    ],
                    [
                        -0.16993314720587052,
                        0.9711525327326243,
                        0.1672886237845154,
                        0.0
                    ],
                    [
                        0.0,
                        -0.1697576481357102,
                        0.9854858400298974,
                        0.0
                    ],
                    [
                        0.8496657360293526,
                        -4.855762663663121,
                        -0.8364431189225768,
                        1.0
                    ]
                ],
                [
                    [
                        0.9859214631747883,
                        0.1648671188685394,
                        0.02788730118299941,
                        0.0
                    ],
                    [
                        -0.1672090561282026,
                        0.9721126045927484,
                        0.16443301231996693,
                        0.0
                    ],
                    [
                        0.0,
                        -0.16678104540951205,
                        0.9859939568233217,
                        0.0
                    ],
                    [
                        0.836045280641013,
                        -4.860563022963742,
                        -0.8221650615998346,
                        1.0
                    ]
                ],
                [
                    [
                        0.9864962651537336,
                        0.16159495179832212,
                        0.0266868954925925,
                        0.0
                    ],
                    [
                        -0.16378375633051834,
                        0.9733127386274172,
                        0.1607395221713144,
                        0.0
                    ],
                    [
                        0.0,
                        -0.1629398182731742,
                        0.9866360096920773,
                        0.0
                    ],
                    [
                        0.8189187816525917,
                        -4.866563693137086,
                        -0.803697610856572,
                        1.0
                    ]
                ],
                [
                    [
                        0.9871961758954442,
                        0.15750478142935215,
                        0.025218130864584024,
                        0.0
                    ],
                    [
                        -0.1595108469584789,
                        0.9747808432913543,
                        0.15607241029337973,
                        0.0
                    ],
                    [
                        0.0,
                        -0.15809665201732878,
                        0.9874236419191672,
                        0.0
                    ],
                    [
                        0.7975542347923945,
                        -4.873904216456771,
                        -0.7803620514668987,
                        1.0
                    ]
                ],
                [
                    [
                        0.9880643028385492,
                        0.15225290017973925,
                        0.023409140159991782,
                        0.0
                    ],
                    [
                        -0.15404198601735758,
                        0.9765886532668442,
                        0.15015215234647705,
                        0.0
                    ],
                    [
                        0.0,
                        -0.1519659721691333,
                        0.9883857259707316,
                        0.0
                    ],
                    [
                        0.770209930086788,
                        -4.882943266334221,
                        -0.7507607617323853,
                        1.0
                    ]
                ],
                [
                    [
                        0.9891615391363752,
                        0.14529872416632336,
                        0.021159637260499645,
                        0.0
                    ],
                    [
                        -0.14683136413367973,
                        0.9788365754067465,
                        0.14254651575059699,
                        0.0
                    ],
                    [
                        0.0,
                        -0.14410842932192108,
                        0.9895619033685406,
                        0.0
                    ],
                    [
                        0.7341568206683986,
                        -4.894182877033733,
                        -0.7127325787529849,
                        1.0
                    ]
                ],
                [
                    [
                        0.9905390151843636,
                        0.13599381737609018,
                        0.018388611504670953,
                        0.0
                    ],
                    [
                        -0.13723140820377486,
                        0.9816060601436658,
                        0.1327293610759843,
                        0.0
                    ],
                    [
                        0.0,
                        -0.13399710565795342,
                        0.9909817231792377,
                        0.0
                    ],
                    [
                        0.6861570410188743,
                        -4.9080303007183295,
                        -0.6636468053799215,
                        1.0
                    ]
                ]
            ]
        },
        {
            "shape": {
                "color": "blue",
                "radius": 1.0,
                "type": "Cylinder",
                "name": "shape2",
                "height": 10.0
            },
            "name": "frame2",
            "simulation_matrix": [
                [
                    [
                        0.9401507230860118,
                        0.3290293982087693,
                        0.08863561922401245,
                        0.0
                    ],
                    [
                        -0.33942211607956685,
                        0.8812106911689417,
                        0.3290293982087693,
                        0.0
                    ],
                    [
                        0.030153689607045803,
                        -0.33942211607956685,
                        0.9401507230860118,
                        0.0
                    ],
                    [
                        2.565351468732486,
                        -9.25528500780948,
                        -2.500197349358018,
                        1.0
                    ]
                ],
                [
                    [
                        0.9414892691401349,
                        0.3257082963845498,
                        0.08667215100739617,
                        0.0
                    ],
                    [
                        -0.3357517743594065,
                        0.8838540959065697,
                        0.32568801507530176,
                        0.0
                    ],
                    [
                        0.02947375287412228,
                        -0.3357320997692268,
                        0.9414962852162833,
                        0.0
                    ],
                    [
                        2.5448535046171186,
                        -9.269254343678654,
                        -2.4813976385211043,
                        1.0
                    ]
                ],
                [
                    [
                        0.9453877291816289,
                        0.3157298413501642,
                        0.08097350674018632,
                        0.0
                    ],
                    [
                        -0.32478847306590675,
                        0.8915585219149902,
                        0.3156514688137452,
                        0.0
                    ],
                    [
                        0.027467968186956057,
                        -0.3247122869276094,
                        0.945413899539203,
                        0.0
                    ],
                    [
                        2.483733471224604,
                        -9.309990045006678,
                        -2.4249800270136785,
                        1.0
                    ]
                ],
                [
                    [
                        0.9515020874928615,
                        0.2990724468424016,
                        0.07210720516304814,
                        0.0
                    ],
                    [
                        -0.30668614031211183,
                        0.9036566755368534,
                        0.29891173295496726,
                        0.0
                    ],
                    [
                        0.024236106064850674,
                        -0.3065294183229089,
                        0.9515525875459708,
                        0.0
                    ],
                    [
                        2.3830964375899115,
                        -9.374046041347388,
                        -2.3310017836974133,
                        1.0
                    ]
                ],
                [
                    [
                        0.9592848722128785,
                        0.27577750646673244,
                        0.06098607111884216,
                        0.0
                    ],
                    [
                        -0.28173567148330636,
                        0.9190753619927051,
                        0.27554580452590494,
                        0.0
                    ],
                    [
                        0.019938539499461005,
                        -0.28150887358122323,
                        0.9593514521475741,
                        0.0
                    ],
                    [
                        2.244723638057545,
                        -9.455939832927267,
                        -2.199894084229359,
                        1.0
                    ]
                ],
                [
                    [
                        0.9680272609384232,
                        0.24605322386519712,
                        0.0487958308218744,
                        0.0
                    ],
                    [
                        -0.25040844082746105,
                        0.9364110753578597,
                        0.24582495949251448,
                        0.0
                    ],
                    [
                        0.014793067376773088,
                        -0.2501841501228238,
                        0.9680852525397268,
                        0.0
                    ],
                    [
                        2.0709609857898967,
                        -9.548619069926385,
                        -2.0328224083191446,
                        1.0
                    ]
                ],
                [
                    [
                        0.9769242642079047,
                        0.21038144767331568,
                        0.036859577815327074,
                        0.0
                    ],
                    [
                        -0.21339296373696562,
                        0.9540615964143787,
                        0.2103090898530096,
                        0.0
                    ],
                    [
                        0.009078823128482608,
                        -0.2133216274129914,
                        0.976939843720418,
                        0.0
                    ],
                    [
                        1.8645190534772227,
                        -9.644212198528665,
                        -1.8319075007319467,
                        1.0
                    ]
                ],
                [
                    [
                        0.9851626928539057,
                        0.16957405360411723,
                        0.02644066854505066,
                        0.0
                    ],
                    [
                        -0.1715941855733613,
                        0.9704122119099281,
                        0.16986928637483445,
                        0.0
                    ],
                    [
                        0.0031470758262394463,
                        -0.17188594858320633,
                        0.9851118294860718,
                        0.0
                    ],
                    [
                        1.6281808579535946,
                        -9.735004325883862,
                        -1.6001071936065574,
                        1.0
                    ]
                ],
                [
                    [
                        0.9920169548360697,
                        0.12473493038966521,
                        0.018535330006683056,
                        0.0
                    ],
                    [
                        -0.12607833875817953,
                        0.984036023497368,
                        0.1256079494119111,
                        0.0
                    ],
                    [
                        -0.0025717336077045088,
                        -0.1269421190943844,
                        0.9919067922875002,
                        0.0
                    ],
                    [
                        1.3645485144592961,
                        -9.814362994520572,
                        -1.3407723258125404,
                        1.0
                    ]
                ],
                [
                    [
                        0.9969250229941929,
                        0.07714720127513366,
                        0.013740737368928134,
                        0.0
                    ],
                    [
                        -0.07799358675824483,
                        0.9938408359649991,
                        0.07872352375863251,
                        0.0
                    ],
                    [
                        -0.00758280638101605,
                        -0.07955314012536437,
                        0.9968017851827826,
                        0.0
                    ],
                    [
                        1.0761249748100985,
                        -9.877234480543326,
                        -1.057264424173084,
                        1.0
                    ]
                ]
            ]
        },
        {
            "shape": {
                "color": "green",
                "radius": 1.0,
                "type": "Cylinder",
                "name": "shape3",
                "height": 10.0
            },
            "name": "frame3",
            "simulation_matrix": [
                [
                    [
                        0.8687323656973382,
                        0.4644917766377637,
                        0.17190539905948155,
                        0.0
                    ],
                    [
                        -0.48728616212106995,
                        0.7394589817165058,
                        0.46449177663776364,
                        0.0
                    ],
                    [
                        0.08863561922401242,
                        -0.4872861621210699,
                        0.8687323656973382,
                        0.0
                    ],
                    [
                        5.001782279337835,
                        -12.95257991639201,
                        -4.822656232546836,
                        1.0
                    ]
                ],
                [
                    [
                        0.8720965375485762,
                        0.45972722329281046,
                        0.16762609987489163,
                        0.0
                    ],
                    [
                        -0.4816361651878275,
                        0.7459201993177947,
                        0.46003223868862175,
                        0.0
                    ],
                    [
                        0.08645364988795179,
                        -0.4819273144502017,
                        0.87193567997179,
                        0.0
                    ],
                    [
                        4.953034330556256,
                        -12.998855340267626,
                        -4.7815588319642135,
                        1.0
                    ]
                ],
                [
                    [
                        0.881902821515009,
                        0.44517389414126635,
                        0.15513741450393845,
                        0.0
                    ],
                    [
                        -0.4645869427621455,
                        0.7648219621984838,
                        0.44632537319066223,
                        0.0
                    ],
                    [
                        0.08003990266603936,
                        -0.4656904230429929,
                        0.8813206248960983,
                        0.0
                    ],
                    [
                        4.806668185035332,
                        -13.134099855999096,
                        -4.656606892966989,
                        1.0
                    ]
                ],
                [
                    [
                        0.8972924907951074,
                        0.42012257908414063,
                        0.13551090179908767,
                        0.0
                    ],
                    [
                        -0.43588296621816314,
                        0.7946848022742565,
                        0.4224714248267939,
                        0.0
                    ],
                    [
                        0.06980133038537006,
                        -0.4381473309036764,
                        0.8961889815761053,
                        0.0
                    ],
                    [
                        4.562511268680726,
                        -13.34747005271867,
                        -4.443358907831383,
                        1.0
                    ]
                ],
                [
                    [
                        0.9168410983247326,
                        0.3836300490173138,
                        0.11059107519900259,
                        0.0
                    ],
                    [
                        -0.39524167334978816,
                        0.8329535478004346,
                        0.38726271038447346,
                        0.0
                    ],
                    [
                        0.05644838412529948,
                        -0.39876857034831953,
                        0.9153126281396974,
                        0.0
                    ],
                    [
                        4.220932004806485,
                        -13.62070757192944,
                        -4.136207636151726,
                        1.0
                    ]
                ],
                [
                    [
                        0.9385933865763958,
                        0.334891044247423,
                        0.08300869326717017,
                        0.0
                    ],
                    [
                        -0.3425770708945391,
                        0.8759502504977499,
                        0.33963525899153524,
                        0.0
                    ],
                    [
                        0.041029320886050574,
                        -0.34721628293586665,
                        0.9368871050942208,
                        0.0
                    ],
                    [
                        3.783846340262592,
                        -13.928370322415134,
                        -3.7309987032768204,
                        1.0
                    ]
                ],
                [
                    [
                        0.9601656502175212,
                        0.2737515307547239,
                        0.056053755911718364,
                        0.0
                    ],
                    [
                        -0.2783163951865065,
                        0.918992528200456,
                        0.27927176241453855,
                        0.0
                    ],
                    [
                        0.024938089597108158,
                        -0.2837478326281622,
                        0.9585745976010772,
                        0.0
                    ],
                    [
                        3.2561010294097548,
                        -14.239174839530945,
                        -3.228266312804639,
                        1.0
                    ]
                ],
                [
                    [
                        0.978971405625851,
                        0.20126174089239224,
                        0.0332971263010702,
                        0.0
                    ],
                    [
                        -0.20375992592777062,
                        0.9568422837406906,
                        0.20720698982372582,
                        0.0
                    ],
                    [
                        0.009842741125077034,
                        -0.2096343380719479,
                        0.9777303128922007,
                        0.0
                    ],
                    [
                        2.6469804875924474,
                        -14.519215744587314,
                        -2.6361421427251863,
                        1.0
                    ]
                ],
                [
                    [
                        0.9926083874787314,
                        0.12002923413521234,
                        0.017932430392643823,
                        0.0
                    ],
                    [
                        -0.12133535772794765,
                        0.9845628627984464,
                        0.1261495151126567,
                        0.0
                    ],
                    [
                        -0.0025139753188146955,
                        -0.12739290463382097,
                        0.9918491456754169,
                        0.0
                    ],
                    [
                        1.9712253030990343,
                        -14.737177308512805,
                        -1.9715199013758238,
                        1.0
                    ]
                ],
                [
                    [
                        0.9993470252058968,
                        0.034075669214414586,
                        0.012015489158350016,
                        0.0
                    ],
                    [
                        -0.034533664319484084,
                        0.9985935357476261,
                        0.040229049102900344,
                        0.0
                    ],
                    [
                        -0.010627758032333139,
                        -0.0406177194170743,
                        0.9991182370613411,
                        0.0
                    ],
                    [
                        1.2487932964075188,
                        -14.870202159281456,
                        -1.2584096696875857,
                        1.0
                    ]
                ]
            ]
        }
    ],
    "width": 800,
    "name": "scene1",
    "height": 800
}