var JSONObj={"frames": [{"shape": {"color": "red", "radius": 2, "type": "Cylinder", "name": "shape1", "height": 10}, "name": "frame1", "simulation_matrix": [[[0.984807753012208, 0.17101007166283436, 0.030153689607045803, -0.8682408883346517], [-0.17364817766693033, 0.9698463103929542, 0.17101007166283436, 4.849231551964771], [0.0, -0.17364817766693033, 0.984807753012208, 0.8550503583141718], [0.0, 0.0, 0.0, 1.0]], [[0.9846103263785058, 0.17207511189094615, 0.030539499939106946, -0.8738207079946714], [-0.17476414159893428, 0.9694604999083838, 0.17205764710867788, 4.847302499541919], [0.0, -0.17474694556731185, 0.9846133784460248, 0.8602882355433895], [0.0, 0.0, 0.0, 1.0]], [[0.984006955448606, 0.17528380732687446, 0.0317159032310336, -0.8906502067136841], [-0.17813004134273683, 0.968284093390464, 0.17520160632323625, 4.84142046695232], [0.0, -0.17804915438159918, 0.9840215945923125, 0.8760080316161812], [0.0, 0.0, 0.0, 1.0]], [[0.9829522143574848, 0.1807423012584498, 0.03372187458485898, -0.919306046560627], [-0.1838612093121254, 0.9662780197886165, 0.18028267854586838, 4.831390098943082], [0.0, -0.18340940272840395, 0.9830366173194212, 0.901413392729342], [0.0, 0.0, 0.0, 1.0]], [[0.9814087932619967, 0.18842211436077103, 0.03652242226150869, -0.9596455140836045], [-0.1919291028167209, 0.9634761855541173, 0.18675347215529023, 4.817380927770587], [0.0, -0.1902912154827561, 0.9817276879614302, 0.9337673607764512], [0.0, 0.0, 0.0, 1.0]], [[0.9794345010590554, 0.19775448317442496, 0.04001527857725545, -1.0088119018825967], [-0.20176238037651936, 0.9599785807378152, 0.19425001001135303, 4.799892903689076], [0.0, -0.1983287394933627, 0.9801355575077224, 0.9712500500567652], [0.0, 0.0, 0.0, 1.0]], [[0.9771252285378144, 0.20804749955987809, 0.0440740930911423, -1.0633236543372406], [-0.21266473086744814, 0.9559105533153704, 0.20250611424196088, 4.7795527665768525], [0.0, -0.20724683830443538, 0.978288683371537, 1.0125305712098045], [0.0, 0.0, 0.0, 1.0]], [[0.9746036130727442, 0.21861154530016266, 0.048546777926320346, -1.1196851944358348], [-0.22393703888716698, 0.9514263605865877, 0.21128199874908385, 4.757131802932938], [0.0, -0.21678762105442123, 0.9762187907214062, 1.0564099937454192], [0.0, 0.0, 0.0, 1.0]], [[0.9720388240963345, 0.22870262038052208, 0.05325068901430341, -1.1741009799993276], [-0.2348201959998655, 0.9467151035959462, 0.2204313683981966, 4.733575517979731], [0.0, -0.22677218536319554, 0.9739478301970802, 1.102156841990983], [0.0, 0.0, 0.0, 1.0]], [[0.9696482736715972, 0.23753515612653642, 0.057959252666276107, -1.2225201978463511], [-0.24450403956927022, 0.9420112423506852, 0.22985341833270018, 4.710056211753426], [0.0, -0.2370482416911387, 0.971497880137234, 1.1492670916635008], [0.0, 0.0, 0.0, 1.0]]]}, {"shape": {"color": "blue", "radius": 1, "type": "Cylinder", "name": "shape2", "height": 12}, "name": "frame2", "simulation_matrix": [[[0.984807753012208, 0.17101007166283436, 0.030153689607045803, -0.8682408883346517], [-0.17364817766693033, 0.9698463103929542, 0.17101007166283436, 4.849231551964771], [0.0, -0.17364817766693033, 0.984807753012208, 0.8550503583141718], [0.0, 0.0, 0.0, 1.0]], [[0.9848794688667398, 0.17062068200813174, 0.0300169065003102, -0.8662048228445796], [-0.1732409645689159, 0.9699830931557902, 0.17064690793318582, 4.849915465778951], [0.0, -0.17326679388447622, 0.9848749251234872, 0.8532345396659291], [0.0, 0.0, 0.0, 1.0]], [[0.986402612865694, 0.16209217696987482, 0.027129531822326563, -0.8217342230267012], [-0.16434684460534024, 0.9728701957869998, 0.16283026996732713, 4.864350978935], [0.0, -0.16507485670001737, 0.9862810409236653, 0.8141513498366357], [0.0, 0.0, 0.0, 1.0]], [[0.9927255240931184, 0.11945570042596995, 0.015045579077730251, -0.6019973798540014], [-0.12039947597080027, 0.9849438451047882, 0.12405477893314576, 4.924719225523941], [0.0, -0.12496382526929903, 0.9921612985669538, 0.6202738946657288], [0.0, 0.0, 0.0, 1.0]], [[0.9985809998045739, 0.05315150557358431, 0.003302163617812174, -0.26626992081802847], [-0.05325398416360569, 0.996659393853595, 0.06191983376985903, 4.983296969267975], [0.0, -0.06200782288264746, 0.998075663415031, 0.30959916884929517], [0.0, 0.0, 0.0, 1.0]], [[0.9998239248735183, -0.018764229416737093, 0.0001514757711314491, 0.09382420403515042], [0.018764840807030087, 0.9997913489167779, -0.008070897140739353, 4.998956744583889], [0.0, 0.00807231847523588, 0.9999674183064338, -0.04035448570369676], [0.0, 0.0, 0.0, 1.0]], [[0.995754317418063, -0.09175285188370069, 0.007399561777232257, 0.4602537165327238], [0.09205074330654475, 0.9925318918323079, -0.08004438988768953, 4.962659459161539], [0.0, 0.08038568197749851, 0.9967638346835285, -0.40022194943844763], [0.0, 0.0, 0.0, 1.0]], [[0.9860563063407449, -0.16446515815713822, 0.025380553145951622, 0.8320601048849622], [0.16641202097699243, 0.9745203827348237, -0.1503897034664469, 4.872601913674118], [0.0, 0.15251634465433633, 0.9883009484024994, -0.7519485173322344], [0.0, 0.0, 0.0, 1.0]], [[0.9703271123942976, -0.2356852002446398, 0.05401649135392003, 1.2089798897473862], [0.24179597794947724, 0.9458045651827915, -0.2167681469377977, 4.729022825913957], [0.0, 0.22339698042953662, 0.9747275461045334, -1.0838407346889884], [0.0, 0.0, 0.0, 1.0]], [[0.9486297592949778, -0.3023727263570996, 0.09312526045776667, 1.581941684923565], [0.316388336984713, 0.9066066383962849, -0.2792182362164688, 4.533033191981424], [0.0, 0.2943384745002981, 0.9557012411987531, -1.396091181082344], [0.0, 0.0, 0.0, 1.0]]]}, {"shape": {"color": "green", "radius": 3, "type": "Cylinder", "name": "shape3", "height": 7}, "name": "frame3", "simulation_matrix": [[[0.984807753012208, 0.17101007166283436, 0.030153689607045803, -0.8682408883346517], [-0.17364817766693033, 0.9698463103929542, 0.17101007166283436, 4.849231551964771], [0.0, -0.17364817766693033, 0.984807753012208, 0.8550503583141718], [0.0, 0.0, 0.0, 1.0]], [[0.9848032674334599, 0.17103442264777913, 0.03016207423109352, -0.8683680736355572], [-0.17367361472711143, 0.9698379257654419, 0.17103179030403715, 4.849189628827209], [0.0, -0.17367102238579163, 0.9848037245987009, 0.8551589515201857], [0.0, 0.0, 0.0, 1.0]], [[0.9844391392089812, 0.17299868835291562, 0.030838855712411337, -0.8786293472431954], [-0.17572586944863908, 0.9691611165776821, 0.17276327422348858, 4.845805582888411], [0.0, -0.17549411369636086, 0.9844804802828387, 0.8638163711174429], [0.0, 0.0, 0.0, 1.0]], [[0.9817420546469654, 0.18680707822033338, 0.03585601294534852, -0.9510854080674715], [-0.19021708161349432, 0.9641424589158245, 0.18505885760533825, 4.820712294579122], [0.0, -0.18850048923684484, 0.9820730958322146, 0.9252942880266912], [0.0, 0.0, 0.0, 1.0]], [[0.9786447460957123, 0.2012432956975892, 0.04189984338910436, -1.0277944947709488], [-0.20555889895418977, 0.958098603482607, 0.1994808388427806, 4.790493017413035], [0.0, -0.20383376055367, 0.9790055148254013, 0.9974041942139029], [0.0, 0.0, 0.0, 1.0]], [[0.9765707928577572, 0.21012843916160712, 0.046427638241443615, -1.0759819531150554], [-0.2151963906230111, 0.9535722036969467, 0.2106906875003669, 4.767861018484734], [0.0, -0.21574543191468878, 0.9764496446862707, 1.0534534375018345], [0.0, 0.0, 0.0, 1.0]], [[0.9751167684547225, 0.21599734831542294, 0.04992427665099451, -1.1084593799325617], [-0.22169187598651235, 0.9500692587261903, 0.21959306852687338, 4.750346293630951], [0.0, -0.2251966899050098, 0.9743133227334145, 1.097965342634367], [0.0, 0.0, 0.0, 1.0]], [[0.9739066198936223, 0.22072646853426833, 0.052779937625675434, -1.1347455191295044], [-0.2269491038259009, 0.9472034269682446, 0.22649453020378646, 4.736017134841223], [0.0, -0.2325628818792976, 0.9725813621348066, 1.1324726510189322], [0.0, 0.0, 0.0, 1.0]], [[0.9727332665903929, 0.22525952110666297, 0.05520996485400371, -1.1596334773149604], [-0.23192669546299208, 0.9447701971489342, 0.23155837819172184, 4.723850985744671], [0.0, -0.23804920233002422, 0.9712530964017768, 1.1577918909586091], [0.0, 0.0, 0.0, 1.0]], [[0.9717368132752942, 0.228997787932752, 0.05733741228449749, -1.1803343353217353], [-0.23606686706434704, 0.9426379206032673, 0.23602157722371947, 4.713189603016337], [0.0, -0.24288631859916404,