var JSONObj={
    "frames": [
        {
            "shape": {
                "color": "red",
                "radius": 1,
                "type": "Cylinder",
                "name": "shape1",
                "height": 10
            },
            "name": "frame1",
            "simulation_matrix": [
                [
                    [
                        0.984807753012208,
                        0.17101007166283436,
                        0.030153689607045803,
                        0.0
                    ],
                    [
                        -0.17364817766693033,
                        0.9698463103929542,
                        0.17101007166283436,
                        0.0
                    ],
                    [
                        0.0,
                        -0.17364817766693033,
                        0.984807753012208,
                        0.0
                    ],
                    [
                        0.8682408883346517,
                        -4.849231551964771,
                        -0.8550503583141718,
                        1.0
                    ]
                ],
                [
                    [
                        0.9848690618305003,
                        0.17067814199278178,
                        0.030031698170468163,
                        0.0
                    ],
                    [
                        -0.17330011843363027,
                        0.969968301803443,
                        0.1706709185755872,
                        0.0
                    ],
                    [
                        0.0,
                        -0.17329300430899341,
                        0.9848703136238615,
                        0.0
                    ],
                    [
                        0.8665005921681515,
                        -4.849841509017215,
                        -0.8533545928779359,
                        1.0
                    ]
                ],
                [
                    [
                        0.9850490732396961,
                        0.16969951516711915,
                        0.029671499147504964,
                        0.0
                    ],
                    [
                        -0.17227397745920794,
                        0.9703285000439382,
                        0.16965930181650882,
                        0.0
                    ],
                    [
                        0.0,
                        -0.17223436519616409,
                        0.9850560001570846,
                        0.0
                    ],
                    [
                        0.8613698872960397,
                        -4.8516425002196915,
                        -0.8482965090825442,
                        1.0
                    ]
                ],
                [
                    [
                        0.9853375280498382,
                        0.168118502085381,
                        0.029088229117670356,
                        0.0
                    ],
                    [
                        -0.17061639961221298,
                        0.9709117625313738,
                        0.1679892662094423,
                        0.0
                    ],
                    [
                        0.0,
                        -0.17048905722887014,
                        0.9853595695811814,
                        0.0
                    ],
                    [
                        0.8530819980610649,
                        -4.854558812656869,
                        -0.8399463310472115,
                        1.0
                    ]
                ],
                [
                    [
                        0.9857221069428834,
                        0.16598505732417865,
                        0.028299975780409888,
                        0.0
                    ],
                    [
                        -0.16838030729299272,
                        0.971699975234774,
                        0.16567205631806753,
                        0.0
                    ],
                    [
                        0.0,
                        -0.16807176703369522,
                        0.9857747618630593,
                        0.0
                    ],
                    [
                        0.8419015364649636,
                        -4.85849987617387,
                        -0.8283602815903376,
                        1.0
                    ]
                ],
                [
                    [
                        0.9861948572300109,
                        0.16332004415920276,
                        0.02731788331687854,
                        0.0
                    ],
                    [
                        -0.16558895969562262,
                        0.9726819223240873,
                        0.16269657160136933,
                        0.0
                    ],
                    [
                        0.0,
                        -0.16497406208175297,
                        0.9862979057263814,
                        0.0
                    ],
                    [
                        0.8279447984781131,
                        -4.863409611620437,
                        -0.8134828580068466,
                        1.0
                    ]
                ],
                [
                    [
                        0.9867593917152532,
                        0.1600714921692136,
                        0.02613465623391417,
                        0.0
                    ],
                    [
                        -0.16219094568360923,
                        0.9738647714155879,
                        0.15900158531889338,
                        0.0
                    ],
                    [
                        0.0,
                        -0.16113511222072674,
                        0.9869323561468708,
                        0.0
                    ],
                    [
                        0.8109547284180462,
                        -4.869323857077939,
                        -0.7950079265944668,
                        1.0
                    ]
                ],
                [
                    [
                        0.9874363513355154,
                        0.15607241191533064,
                        0.02471546682011024,
                        0.0
                    ],
                    [
                        -0.15801725241632514,
                        0.9752832086952935,
                        0.15444484703546404,
                        0.0
                    ],
                    [
                        0.0,
                        -0.1564099263983711,
                        0.9876922268217241,
                        0.0
                    ],
                    [
                        0.7900862620816257,
                        -4.876416043476468,
                        -0.7722242351773203,
                        1.0
                    ]
                ],
                [
                    [
                        0.9882634133922685,
                        0.1510183069860263,
                        0.02299775435420655,
                        0.0
                    ],
                    [
                        -0.15275937205376994,
                        0.9769997450251277,
                        0.14878196285361187,
                        0.0
                    ],
                    [
                        0.0,
                        -0.1505488929747076,
                        0.9886025646457175,
                        0.0
                    ],
                    [
                        0.7637968602688496,
                        -4.884998725125638,
                        -0.7439098142680594,
                        1.0
                    ]
                ],
                [
                    [
                        0.9892861201458975,
                        0.14448486942686167,
                        0.020906816911708946,
                        0.0
                    ],
                    [
                        -0.14598963143551322,
                        0.9790892304445943,
                        0.14167323791293512,
                        0.0
                    ],
                    [
                        0.0,
                        -0.1432075463588244,
                        0.989692678898801,
                        0.0
                    ],
                    [
                        0.729948157177566,
                        -4.895446152222972,
                        -0.7083661895646757,
                        1.0
                    ]
                ],
                [
                    [
                        0.9905390151836552,
                        0.13599381738107963,
                        0.018388611505935227,
                        0.0
                    ],
                    [
                        -0.1372314082088887,
                        0.9816060601423985,
                        0.1327293610800688,
                        0.0
                    ],
                    [
                        0.0,
                        -0.1339971056621728,
                        0.9909817231786672,
                        0.0
                    ],
                    [
                        0.6861570410444436,
                        -4.908030300711992,
                        -0.663646805400344,
                        1.0
                    ]
                ],
                [
                    [
                        0.9920228200609253,
                        0.12510803961488925,
                        0.015450013012561669,
                        0.0
                    ],
                    [
                        -0.126058416927903,
                        0.9845437797464888,
                        0.12158462601878701,
                        0.0
                    ],
                    [
                        0.0,
                        -0.12256232776108908,
                        0.9924608182763607,
                        0.0
                    ],
                    [
                        0.6302920846395151,
                        -4.922718898732444,
                        -0.6079231300939351,
                        1.0
                    ]
                ],
                [
                    [
                        0.9936877603707183,
                        0.11151711976800727,
                        0.012188801748895988,
                        0.0
                    ],
                    [
                        -0.1121812590829055,
                        0.987804896211495,
                        0.10796690294331693,
                        0.0
                    ],
                    [
                        0.0,
                        -0.10865274510681038,
                        0.9940797659045045,
                        0.0
                    ],
                    [
                        0.5609062954145275,
                        -4.939024481057475,
                        -0.5398345147165846,
                        1.0
                    ]
                ],
                [
                    [
                        0.9954305011807459,
                        0.09508246076636523,
                        0.008800168956418353,
                        0.0
                    ],
                    [
                        -0.09548883347831248,
                        0.9911942383887021,
                        0.09173802083101511,
                        0.0
                    ],
                    [
                        0.0,
                        -0.09215914192120753,
                        0.9957442907495613,
                        0.0
                    ],
                    [
                        0.4774441673915624,
                        -4.955971191943511,
                        -0.45869010415507555,
                        1.0
                    ]
                ],
                [
                    [
                        0.997104624111899,
                        0.07583837739459642,
                        0.0055595943038315295,
                        0.0
                    ],
                    [
                        -0.07604188697466963,
                        0.9944360903416936,
                        0.0729005737375138,
                        0.0
                    ],
                    [
                        0.0,
                        -0.07311226121576245,
                        0.9973237173856431,
                        0.0
                    ],
                    [
                        0.38020943487334813,
                        -4.972180451708468,
                        -0.364502868687569,
                        1.0
                    ]
                ],
                [
                    [
                        0.9985389536810402,
                        0.053964485622471796,
                        0.0027914643245879715,
                        0.0
                    ],
                    [
                        -0.0540366355500915,
                        0.997205700555635,
                        0.051583260829185816,
                        0.0
                    ],
                    [
                        0.0,
                        -0.051658736636190236,
                        0.9986647960798222,
                        0.0
                    ],
                    [
                        0.2701831777504575,
                        -4.986028502778175,
                        -0.2579163041459291,
                        1.0
                    ]
                ],
                [
                    [
                        0.9995571370251711,
                        0.02974616059185487,
                        0.0008341175498409095,
                        0.0
                    ],
                    [
                        -0.029757853115494948,
                        0.9991643887509958,
                        0.02801775204768708,
                        0.0
                    ],
                    [
                        0.0,
                        -0.028030165570196445,
                        0.9996070777150927,
                        0.0
                    ],
                    [
                        0.14878926557747474,
                        -4.9958219437549785,
                        -0.1400887602384354,
                        1.0
                    ]
                ],
                [
                    [
                        0.9999937577551598,
                        0.0035333230536541286,
                        8.883325232033954e-06,
                        0.0
                    ],
                    [
                        -0.003533334220669043,
                        0.9999905972997627,
                        0.002514132325263246,
                        0.0
                    ],
                    [
                        0.0,
                        -0.0025141480191907466,
                        0.9999968395248745,
                        0.0
                    ],
                    [
                        0.017666671103345216,
                        -4.999952986498814,
                        -0.01257066162631623,
                        1.0
                    ]
                ],
                [
                    [
                        0.9997045989221688,
                        -0.0242972899113332,
                        0.0005971572910764735,
                        0.0
                    ],
                    [
                        0.02430462700527741,
                        0.9994028075572094,
                        -0.024562437845247687,
                        0.0
                    ],
                    [
                        0.0,
                        0.024569695759857135,
                        0.9996981194592036,
                        0.0
                    ],
                    [
                        -0.12152313502638705,
                        -4.997014037786047,
                        0.12281218922623843,
                        1.0
                    ]
                ],
                [
                    [
                        0.9985706613653136,
                        -0.05337268856014938,
                        0.0028267253672069727,
                        0.0
                    ],
                    [
                        0.05344749068422494,
                        0.9971731176162352,
                        -0.05281230200509849,
                        0.0
                    ],
                    [
                        0.0,
                        0.052887896719186527,
                        0.9986004558283661,
                        0.0
                    ],
                    [
                        -0.2672374534211247,
                        -4.985865588081176,
                        0.26406151002549244,
                        1.0
                    ]
                ],
                [
                    [
                        0.9964973168208127,
                        -0.08334240384885425,
                        0.006865951471972167,
                        0.0
                    ],
                    [
                        0.08362474256415378,
                        0.9931328846730572,
                        -0.08181672085858227,
                        0.0
                    ],
                    [
                        0.0,
                        0.0821043062309563,
                        0.9966237418897532,
                        0.0
                    ],
                    [
                        -0.4181237128207689,
                        -4.965664423365285,
                        0.40908360429291135,
                        1.0
                    ]
                ],
                [
                    [
                        0.9934118930422186,
                        -0.11387897569338072,
                        0.01282145301056308,
                        0.0
                    ],
                    [
                        0.1145984762650694,
                        0.9871748081501565,
                        -0.11114444381716151,
                        0.0
                    ],
                    [
                        0.0,
                        0.11188153131204563,
                        0.9937215520211241,
                        0.0
                    ],
                    [
                        -0.572992381325347,
                        -4.935874040750782,
                        0.5557222190858075,
                        1.0
                    ]
                ],
                [
                    [
                        0.9892653224112633,
                        -0.14465246655802758,
                        0.020731275725773848,
                        0.0
                    ],
                    [
                        0.1461304960456213,
                        0.9792594485030457,
                        -0.14034532640231184,
                        0.0
                    ],
                    [
                        0.0,
                        0.1418682361777629,
                        0.9898855507399886,
                        0.0
                    ],
                    [
                        -0.7306524802281065,
                        -4.896297242515228,
                        0.7017266320115593,
                        1.0
                    ]
                ],
                [
                    [
                        0.9840457980957165,
                        -0.17527416031807305,
                        0.03054236361120286,
                        0.0
                    ],
                    [
                        0.17791533731009393,
                        0.9694375065323236,
                        -0.16892913803789597,
                        0.0
                    ],
                    [
                        0.0,
                        0.1716679633862575,
                        0.9851548661742552,
                        0.0
                    ],
                    [
                        -0.8895766865504697,
                        -4.847187532661618,
                        0.8446456901894799,
                        1.0
                    ]
                ],
                [
                    [
                        0.9778120797114636,
                        -0.20521764315765242,
                        0.042062521407553184,
                        0.0
                    ],
                    [
                        0.2094839773594688,
                        0.9578980358251202,
                        -0.1963359778340034,
                        0.0
                    ],
                    [
                        0.0,
                        0.2007911150902727,
                        0.979634078674688,
                        0.0
                    ],
                    [
                        -1.047419886797344,
                        -4.789490179125601,
                        0.9816798891700169,
                        1.0
                    ]
                ],
                [
                    [
                        0.9707454809471722,
                        -0.2337523182991937,
                        0.054891391951705545,
                        0.0
                    ],
                    [
                        0.2401108311189717,
                        0.9450386123457898,
                        -0.22192072898875542,
                        0.0
                    ],
                    [
                        0.0,
                        0.2286085625371377,
                        0.9735184256780678,
                        0.0
                    ],
                    [
                        -1.2005541555948585,
                        -4.725193061728949,
                        1.1096036449437772,
                        1.0
                    ]
                ],
                [
                    [
                        0.9631991722302045,
                        -0.2599490434947552,
                        0.06836555712645649,
                        0.0
                    ],
                    [
                        0.2687886802211896,
                        0.9315225005388565,
                        -0.24498668611740324,
                        0.0
                    ],
                    [
                        0.0,
                        0.2543468611483103,
                        0.9671130617585527,
                        0.0
                    ],
                    [
                        -1.3439434011059481,
                        -4.657612502694283,
                        1.224933430587016,
                        1.0
                    ]
                ],
                [
                    [
                        0.9557039477771648,
                        -0.2827987347729883,
                        0.08157720155741564,
                        0.0
                    ],
                    [
                        0.29432968624170786,
                        0.9182623428170988,
                        -0.2648854574356822,
                        0.0
                    ],
                    [
                        0.0,
                        0.27716266951891233,
                        0.9608230090006953,
                        0.0
                    ],
                    [
                        -1.4716484312085394,
                        -4.591311714085494,
                        1.324427287178411,
                        1.0
                    ]
                ],
                [
                    [
                        0.9489001395388807,
                        -0.3014070901672587,
                        0.09350022021363677,
                        0.0
                    ],
                    [
                        0.31557649656318293,
                        0.9062944580236111,
                        -0.2811437891410665,
                        0.0
                    ],
                    [
                        0.0,
                        0.2962838526693533,
                        0.9550999312362057,
                        0.0
                    ],
                    [
                        -1.5778824828159146,
                        -4.531472290118055,
                        1.4057189457053327,
                        1.0
                    ]
                ],
                [
                    [
                        0.9434141534238051,
                        -0.31515671459886674,
                        0.10317936015935367,
                        0.0
                    ],
                    [
                        0.33161684987292966,
                        0.8965868447669267,
                        -0.29353414566493236,
                        0.0
                    ],
                    [
                        0.0,
                        0.31114028192141135,
                        0.9503639960382888,
                        0.0
                    ],
                    [
                        -1.6580842493646482,
                        -4.482934223834634,
                        1.4676707283246617,
                        1.0
                    ]
                ],
                [
                    [
                        0.9397407082713325,
                        -0.3237479726825902,
                        0.10988471869012145,
                        0.0
                    ],
                    [
                        0.3418879951353868,
                        0.889879590623436,
                        -0.3020379330053952,
                        0.0
                    ],
                    [
                        0.0,
                        0.321405607256281,
                        0.9469416220782679,
                        0.0
                    ],
                    [
                        -1.7094399756769343,
                        -4.44939795311718,
                        1.5101896650269762,
                        1.0
                    ]
                ],
                [
                    [
                        0.938178584243957,
                        -0.32712809238481444,
                        0.11317312065449468,
                        0.0
                    ],
                    [
                        0.34615162005399386,
                        0.8866189057042103,
                        -0.306734367135253,
                        0.0
                    ],
                    [
                        0.0,
                        0.3269466733590372,
                        0.9450427888616785,
                        0.0
                    ],
                    [
                        -1.7307581002699692,
                        -4.4330945285210515,
                        1.5336718356762649,
                        1.0
                    ]
                ],
                [
                    [
                        0.9388209667441508,
                        -0.32538342084638816,
                        0.11287524901359175,
                        0.0
                    ],
                    [
                        0.34440556383655896,
                        0.8869681845978887,
                        -0.3076885553762886,
                        0.0
                    ],
                    [
                        0.0,
                        0.3277393307941965,
                        0.944768189055163,
                        0.0
                    ],
                    [
                        -1.7220278191827947,
                        -4.434840922989444,
                        1.538442776881443,
                        1.0
                    ]
                ],
                [
                    [
                        0.9415767536744439,
                        -0.31865349546615085,
                        0.10905579657725348,
                        0.0
                    ],
                    [
                        0.33679848120188355,
                        0.8908493967589617,
                        -0.30488380631692885,
                        0.0
                    ],
                    [
                        0.0,
                        0.32380133125328237,
                        0.9461250963158108,
                        0.0
                    ],
                    [
                        -1.6839924060094178,
                        -4.454246983794809,
                        1.5244190315846442,
                        1.0
                    ]
                ],
                [
                    [
                        0.9462035086612441,
                        -0.30708275382669314,
                        0.10197598981802264,
                        0.0
                    ],
                    [
                        0.3235721251856391,
                        0.8979845805737225,
                        -0.29820257016780505,
                        0.0
                    ],
                    [
                        0.0,
                        0.31515690592790463,
                        0.9490395801261136,
                        0.0
                    ],
                    [
                        -1.6178606259281954,
                        -4.489922902868613,
                        1.4910128508390252,
                        1.0
                    ]
                ],
                [
                    [
                        0.9523434319520213,
                        -0.29080220868134654,
                        0.09206553667847898,
                        0.0
                    ],
                    [
                        0.30502784728258137,
                        0.9079288199488805,
                        -0.28744263825742256,
                        0.0
                    ],
                    [
                        0.0,
                        0.3018266610693692,
                        0.9533628200573568,
                        0.0
                    ],
                    [
                        -1.5251392364129068,
                        -4.539644099744403,
                        1.437213191287113,
                        1.0
                    ]
                ],
                [
                    [
                        0.9595594538259411,
                        -0.2699288150361385,
                        0.07990049678473671,
                        0.0
                    ],
                    [
                        0.28150604713444716,
                        0.9200965626299891,
                        -0.2723539257349101,
                        0.0
                    ],
                    [
                        0.0,
                        0.28383225723949107,
                        0.9588739488328668,
                        0.0
                    ],
                    [
                        -1.407530235672236,
                        -4.600482813149946,
                        1.3617696286745504,
                        1.0
                    ]
                ],
                [
                    [
                        0.9673698139714818,
                        -0.24457232365089854,
                        0.06618173101982837,
                        0.0
                    ],
                    [
                        0.2533685912199473,
                        0.9337853681609617,
                        -0.25268407783577573,
                        0.0
                    ],
                    [
                        0.0,
                        0.2612073213225412,
                        0.9652827229819784,
                        0.0
                    ],
                    [
                        -1.2668429560997367,
                        -4.668926840804809,
                        1.2634203891788787,
                        1.0
                    ]
                ],
                [
                    [
                        0.9752788854440323,
                        -0.21484205060246184,
                        0.05171062656722912,
                        0.0
                    ],
                    [
                        0.22097759073500237,
                        0.9481998376448502,
                        -0.2282235138701393,
                        0.0
                    ],
                    [
                        0.0,
                        0.2340084639136138,
                        0.9722345595671813,
                        0.0
                    ],
                    [
                        -1.1048879536750118,
                        -4.740999188224251,
                        1.1411175693506965,
                        1.0
                    ]
                ],
                [
                    [
                        0.982801072481015,
                        -0.1808483119806913,
                        0.037362280228880024,
                        0.0
                    ],
                    [
                        0.1846674089550368,
                        0.9624758151790638,
                        -0.19884228238790144,
                        0.0
                    ],
                    [
                        0.0,
                        0.20232200386792165,
                        0.9793190525823894,
                        0.0
                    ],
                    [
                        -0.923337044775184,
                        -4.812379075895318,
                        0.9942114119395072,
                        1.0
                    ]
                ],
                [
                    [
                        0.9894740254909095,
                        -0.14269640924841553,
                        0.024060084505748223,
                        0.0
                    ],
                    [
                        0.14471058316106336,
                        0.9757018968334757,
                        -0.16451339044814073,
                        0.0
                    ],
                    [
                        0.0,
                        0.16626347555361082,
                        0.9860813641362632,
                        0.0
                    ],
                    [
                        -0.7235529158053168,
                        -4.878509484167378,
                        0.8225669522407036,
                        1.0
                    ]
                ],
                [
                    [
                        0.9948575524382718,
                        -0.10047719401914322,
                        0.012758676991392662,
                        0.0
                    ],
                    [
                        0.10128400839486579,
                        0.9869326550351785,
                        -0.12532152276716987,
                        0.0
                    ],
                    [
                        0.0,
                        0.12596931335548736,
                        0.9920341385722303,
                        0.0
                    ],
                    [
                        -0.5064200419743289,
                        -4.934663275175892,
                        0.6266076138358494,
                        1.0
                    ]
                ],
                [
                    [
                        0.9985163632436685,
                        -0.0542709518334482,
                        0.0044425355068507585,
                        0.0
                    ],
                    [
                        0.054452477763992375,
                        0.9951876513200901,
                        -0.0814645096061144,
                        0.0
                    ],
                    [
                        0.0,
                        0.0815855529312288,
                        0.996666342139086,
                        0.0
                    ],
                    [
                        -0.2722623888199619,
                        -4.97593825660045,
                        0.407322548030572,
                        1.0
                    ]
                ],
                [
                    [
                        0.9999911465840338,
                        -0.00420560952158639,
                        0.00014000750490065426,
                        0.0
                    ],
                    [
                        0.004207939347172986,
                        0.9994374777291712,
                        -0.03327193046402515,
                        0.0
                    ],
                    [
                        0.0,
                        0.03327222503687353,
                        0.9994463262432334,
                        0.0
                    ],
                    [
                        -0.021039696735864928,
                        -4.997187388645856,
                        0.16635965232012576,
                        1.0
                    ]
                ],
                [
                    [
                        0.9987808311539206,
                        0.04935581632553457,
                        0.0009245076114696977,
                        0.0
                    ],
                    [
                        -0.04936447426524029,
                        0.9986056569148739,
                        0.018705364421191126,
                        0.0
                    ],
                    [
                        0.0,
                        -0.01872819725582866,
                        0.9998246119332864,
                        0.0
                    ],
                    [
                        0.2468223713262014,
                        -4.993028284574369,
                        -0.09352682210595561,
                        1.0
                    ]
                ],
                [
                    [
                        0.9943961028081696,
                        0.10542954926964959,
                        0.00781030477784549,
                        0.0
                    ],
                    [
                        -0.10571845023421554,
                        0.9916786774900209,
                        0.07346434435642114,
                        0.0
                    ],
                    [
                        0.0,
                        -0.07387835104035324,
                        0.9972672606917157,
                        0.0
                    ],
                    [
                        0.5285922511710777,
                        -4.958393387450104,
                        -0.3673217217821057,
                        1.0
                    ]
                ],
                [
                    [
                        0.9865659074100754,
                        0.1619563263541857,
                        0.021397632812789988,
                        0.0
                    ],
                    [
                        -0.16336373629460882,
                        0.9780664527791684,
                        0.1292219161436651,
                        0.0
                    ],
                    [
                        0.0,
                        -0.1309815342017011,
                        0.9913848080832026,
                        0.0
                    ],
                    [
