{'frames': {'<essential.VisualizationFrame object at 0xc396e6c>': {'shape': {'color': 'blue', 'points': [[1, 1, 1], [0, 1, 1], [2, 1, 1]], 'name': 'shape2'}, 'name': 'frame2', 'simulation_matrix': [[ 0.984807753012208,   0.17364817766693,                 0, -0.855050358314172]
[-0.171010071662834,  0.969846310392954,  0.17364817766693,   4.84923155196477]
[0.0301536896070458, -0.171010071662834, 0.984807753012208,  0.868240888334652]
[                 0,                  0,                 0,                1.0], [  0.98476856287105,  0.173870289528966,                 0, -0.856142872387446]
[-0.171228574477489,   0.96980638651645, 0.173655831904124,   4.84903193258225]
[0.0301935897715636, -0.171010804018401, 0.984806403333004,  0.868279159520621]
[                 0,                  0,                 0,                1.0], [ 0.984486567312166,  0.175459963472892,                 0, -0.863953961989447]
[-0.172790792397889,  0.969510141823486, 0.173762559154481,   4.84755070911743]
[0.0304883722822014, -0.171066905389372,  0.98478757762072,  0.868812795772403]
[                 0,                  0,                 0,                1.0], [ 0.983695694944213, 0.179840984617583,                 0, -0.885455649247052]
[ -0.17709112984941, 0.968654516744898, 0.174204359642255,   4.84327258372449]
[0.0313290835627387,  -0.1713640786206, 0.984709521169381,  0.871021798211275]
[                 0,                 0,                 0,                1.0], [ 0.982089634790237,  0.188414302104642,                 0, -0.927476114550683]
[-0.185495222910137,    0.9668742430284, 0.175344576322674,     4.834371215142]
[0.0330374259756707, -0.172204090923183, 0.984507125192206,  0.876722881613369]
[                 0,                  0,                 0,                1.0], [ 0.979290893702401,  0.202458256219777,                 0, -0.996190809054969]
[-0.199238161810994,  0.963715292142541, 0.177642873678604,   4.81857646071271]
[0.0359652664348403, -0.173964048524583, 0.984095020529627,  0.888214368393021]
[                 0,                  0,                 0,                1.0], [ 0.974813056836151,  0.223023550823132,                 0, -1.09657325088955]
[-0.219314650177911,  0.958601832675626, 0.181613905327407,  4.79300916337813]
[0.0405041780449746, -0.177039606216161, 0.983369914829474, 0.908069526637036]
[                 0,                  0,                 0,               1.0], [ 0.968030619216513,    0.2508320558846,                 0, -1.23185210339954]
[-0.246370420679908,  0.950811928907237, 0.187771913932051,  4.75405964453618]
[0.0470992152089623, -0.181768962115113, 0.982212659426814, 0.938859569660253]
[                 0,                  0,                 0,               1.0], [ 0.958171591194371, 0.286194342760381,                 0, -1.40305704346329]
[-0.280611408692657, 0.939480065821758, 0.196556463223845,  4.69740032910879]
[0.0562533478076534, -0.18833481912673, 0.980492507245687, 0.982782316119226]
[                 0,                 0,                 0,               1.0], [ 0.944342457918669,  0.328964013491029,                 0, -1.60876593038757]
[-0.321753186077513,  0.923642654280444, 0.208228562984875,  4.61821327140222]
[ 0.068499703802974, -0.196639072978009, 0.978080193827303,  1.04114281492437]
[                 0,                  0,                 0,               1.0], [ 0.925580139237444, 0.378551721498124,                 0, -1.84522370771415]
[-0.369044741542831, 0.902335041326057, 0.222704853864231,  4.51167520663028]
[0.0843053058162929, -0.20613118964851, 0.974885915410266,  1.11352426932116]
[                 0,                 0,                 0,               1.0], [ 0.900889103417221, 0.434049332846068,                 0, -2.10723008435781]
[-0.421446016871562, 0.874730348710914, 0.239228075081455,  4.37365174355457]
[ 0.103836786387155, -0.21551796607236, 0.970963402035742,  1.19614037540728]
[                 0,                 0,                 0,               1.0], [ 0.869094299316042,  0.494646438273196,                 0, -2.39113436742823]
[-0.478226873485646,  0.840245107145718, 0.255513634457782,  4.20122553572859]
[ 0.126388909214781, -0.222065443104781, 0.966805452304741,  1.27756817228891]
[                 0,                  0,                 0,               1.0], [ 0.827637038900966,  0.561263691894676,                 0, -2.70623154097068]
[-0.541246308194136,  0.798119490533402, 0.264684175380625,  3.99059745266701]
[ 0.148557617460227, -0.219062427155964, 0.964335152995616,  1.32342087690313]
[                 0,                  0,                 0,               1.0], [ 0.761603601825451,  0.648043172702637,                 0, -3.1494669256203]
[-0.629893385124061,  0.740273319871299, 0.235010074813139, 3.70136659935649]
[ 0.152296674498991, -0.178984519442955, 0.971992934509466,  1.1750503740657]
[                 0,                  0,                 0,              1.0], [ 0.737154007925386, 0.675724772817706,                 0, -3.30407988508459]
[-0.660815977016917, 0.720889873443436, 0.208901974346542,  3.60444936721718]
[ 0.141160239156487, -0.15399292765308,  0.97793658542572,  1.04450987173271]
[                 0,                 0,                 0,               1.0], [                  1.0,   7.3051051700049e-250,                     0, -3.65255258500245e-249]
[-7.3051051700049e-250,                    1.0, 6.01347001699907e-154,                    5.0]
[4.39290309108493e-403, -6.01347001699907e-154,                   1.0,  3.00673500849953e-153]
[                    0,                      0,                     0,                    1.0], [                   1.0,  6.01347001699907e-154,                     0, -3.00673500849953e-153]
[-6.01347001699907e-154,                    1.0, 6.01346930292693e-154,                    5.0]
[ 3.61618173512954e-307, -6.01346930292693e-154,                   1.0,  3.00673465146346e-153]
[                     0,                      0,                     0,                    1.0], [                   1.0,  6.01346930292693e-154,                     0, -3.00673465146346e-153]
[-6.01346930292693e-154,                    1.0, 7.30587240105231e-250,                    5.0]
[ 4.39336394148291e-403, -7.30587240105231e-250,                   1.0,  3.65293620052615e-249]
[                     0,                      0,                     0,                    1.0], [                   1.0, 7.30638388841725e-250,                     0, -3.65319194420863e-249]
[-7.30638388841725e-250,                   1.0, -1.26291476715062e-42,                    5.0]
[ -9.2273401071535e-292,  1.26291476715062e-42,                   1.0,  -6.31457383575309e-42]
[                     0,                     0,                     0,                    1.0], [                   1.0, 3.38519866536899e-309,   0, -1.6925993326845e-308]
[-3.38519866536899e-309,                   1.0,   0,                   5.0]
[                     0,                     0, 1.0,                     0]
[                     0,                     0,   0,                   1.0], [                   1.0,  3.38534720507436e-309,                     0, -1.69267360253718e-308]
[-3.38534720507436e-309,                    1.0, 6.46690525071125e-250,                    5.0]
[  2.1892719615976e-558, -6.46690525071125e-250,                   1.0,  3.23345262535562e-249]
[                     0,                      0,                     0,                    1.0], [                   1.0,  7.30791835051207e-250,                     0, -3.65395917525603e-249]
[-7.30791835051207e-250,                    1.0, 3.58997996803599e-261,                    5.0]
[ 2.62352804863809e-510, -3.58997996803599e-261,                   1.0,  1.79498998401799e-260]
[                     0,                      0,                     0,                    1.0], [                   1.0,  6.01346930292693e-154,                     0, -3.00673465146346e-153]
[-6.01346930292693e-154,                    1.0, 7.55935890045712e-256,                    5.0]
[ 4.54579726977063e-409, -7.55935890045712e-256,                   1.0,  3.77967945022856e-255]
[                     0,                      0,                     0,                    1.0], [                   1.0,  6.01346930292693e-154,                     0, -3.00673465146346e-153]
[-6.01346930292693e-154,                    1.0, 7.55935890045712e-256,                    5.0]
[ 4.54579726977063e-409, -7.55935890045712e-256,                   1.0,  3.77967945022856e-255]
[                     0,                      0,                     0,                    1.0], [                   1.0, 6.01346930292693e-154,                     0, -3.00673465146346e-153]
[-6.01346930292693e-154,                   1.0, -1.26291476715062e-42,                    5.0]
[-7.59449918447335e-196,  1.26291476715062e-42,                   1.0,  -6.31457383575309e-42]
[                     0,                     0,                     0,                    1.0], [                   1.0, 3.38623844330657e-309,   0, -1.69311922165328e-308]
[-3.38623844330657e-309,                   1.0,   0,                    5.0]
[                     0,                     0, 1.0,                      0]
[                     0,                     0,   0,                    1.0], [                   1.0,  3.38642942292775e-309,                     0, -1.69321471146388e-308]
[-3.38642942292775e-309,                    1.0, 6.01347001699907e-154,                    5.0]
[ 2.03641917994595e-462, -6.01347001699907e-154,                   1.0,  3.00673500849953e-153]
[                     0,                      0,                     0,                    1.0], [                   1.0,  7.31094490480807e-250,                     0, -3.65547245240403e-249]
[-7.31094490480807e-250,                    1.0, 7.31056103523092e-250,                    5.0]
[ 5.34471089518099e-499, -7.31056103523092e-250,                   1.0,  3.65528051761546e-249]
[                     0,                      0,                     0,                    1.0], [1.0,                      0,                     0,                     0]
[  0,                    1.0, 6.01347001699907e-154,                   5.0]
[  0, -6.01347001699907e-154,                   1.0, 3.00673500849953e-153]
[  0,                      0,                     0,                   1.0], [                   1.0,  3.38676894225431e-309,                     0, -1.69338447112715e-308]
[-3.38676894225431e-309,                    1.0, 6.01347001699907e-154,                    5.0]
[ 2.03662334887499e-462, -6.01347001699907e-154,                   1.0,  3.00673500849953e-153]
[                     0,                      0,                     0,                    1.0], [                   1.0,  3.38704480170713e-309,                     0, -1.69352240085357e-308]
[-3.38704480170713e-309,                    1.0, 4.72401205468183e-250,                    5.0]
[ 1.60004404730119e-558, -4.72401205468183e-250,                   1.0,  2.36200602734091e-249]
[                     0,                      0,                     0,                    1.0], [                   1.0,  7.31303322416146e-250,                     0, -3.65651661208073e-249]
[-7.31303322416146e-250,                    1.0, 3.58997996803599e-261,                    5.0]
[ 2.62536427803213e-510, -3.58997996803599e-261,                   1.0,  1.79498998401799e-260]
[                     0,                      0,                     0,                    1.0], [                   1.0,  6.01346930292693e-154,                     0, -3.00673465146346e-153]
[-6.01346930292693e-154,                    1.0, 1.56403245810233e-251,                    5.0]
[ 9.40526117557971e-405, -1.56403245810233e-251,                   1.0,  7.82016229051165e-251]
[                     0,                      0,                     0,                    1.0], [                   1.0, 7.31405619889133e-250,                     0, -3.65702809944567e-249]
[-7.31405619889133e-250,                   1.0, -1.26291476715062e-42,                    5.0]
[-9.23702958134939e-292,  1.26291476715062e-42,                   1.0,  -6.31457383575309e-42]
[                     0,                     0,                     0,                    1.0], [                   1.0, 3.38778750023397e-309,   0, -1.69389375011699e-308]
[-3.38778750023397e-309,                   1.0,   0,                    5.0]
[                     0,                     0, 1.0,                      0]
[                     0,                     0,   0,                    1.0], [                   1.0,  3.38793603993934e-309,                     0, -1.69396801996967e-308]
[-3.38793603993934e-309,                    1.0, 4.72401205468183e-250,                    5.0]
[ 1.60046506931645e-558, -4.72401205468183e-250,                   1.0,  2.36200602734091e-249]
[                     0,                      0,                     0,                    1.0], [                   1.0,  7.31559066098615e-250,                     0, -3.65779533049308e-249]
[-7.31559066098615e-250,                    1.0, 1.56403245810233e-251,                    5.0]
[ 1.14418212439726e-500, -1.56403245810233e-251,                   1.0,  7.82016229051165e-251]
[                     0,                      0,                     0,                    1.0], [                   1.0, 7.31610214835109e-250,                     0, -3.65805107417555e-249]
[-7.31610214835109e-250,                   1.0, -1.26291476715062e-42,                    5.0]
[-9.23961344113496e-292,  1.26291476715062e-42,                   1.0,  -6.31457383575309e-42]
[                     0,                     0,                     0,                    1.0], [                   1.0, 3.38855141871872e-309,   0, -1.69427570935936e-308]
[-3.38855141871872e-309,                   1.0,   0,                    5.0]
[                     0,                     0, 1.0,                      0]
[                     0,                     0,   0,                    1.0], [                   1.0,  3.38744798090742e-309,                     0, -1.69372399045371e-308]
[-3.38744798090742e-309,                    1.0, 6.01347001699907e-154,                    5.0]
[ 2.03703168673308e-462, -6.01347001699907e-154,                   1.0,  3.00673500849953e-153]
[                     0,                      0,                     0,                    1.0], [                   1.0,  3.38874239833991e-309,                     0, -1.69437119916995e-308]
[-3.38874239833991e-309,                    1.0, 6.01347001699907e-154,                    5.0]
[ 2.03781008077505e-462, -6.01347001699907e-154,                   1.0,  3.00673500849953e-153]
[                     0,                      0,                     0,                    1.0], [                   1.0,  7.31810572791888e-250,                     0, -3.65905286395944e-249]
[-7.31810572791888e-250,                    1.0, 7.31772185834006e-250,                    5.0]
[ 5.35518622468356e-499, -7.31772185834006e-250,                   1.0,  3.65886092917003e-249]
[                     0,                      0,                     0,                    1.0], [1.0,                      0,                     0,                     0]
[  0,                    1.0, 6.01347001699907e-154,                   5.0]
[  0, -6.01347001699907e-154,                   1.0, 3.00673500849953e-153]
[  0,                      0,                     0,                   1.0], [                   1.0,  3.38914557754019e-309,                     0, -1.69457278877009e-308]
[-3.38914557754019e-309,                    1.0, 6.01347001699907e-154,                    5.0]
[ 2.03805253137829e-462, -6.01347001699907e-154,                   1.0,  3.00673500849953e-153]
[                     0,                      0,                     0,                    1.0], [                   1.0,  3.38942143699302e-309,                     0, -1.69471071849651e-308]
[-3.38942143699302e-309,                    1.0, 6.01347001699907e-154,                    5.0]
[ 2.03821841863314e-462, -6.01347001699907e-154,                   1.0,  3.00673500849953e-153]
[                     0,                      0,                     0,                    1.0], [                   1.0,  3.38577160423255e-309,                     0, -1.69288580211628e-308]
[-3.38577160423255e-309,                    1.0, 6.01347001699907e-154,                    5.0]
[ 2.03602360264593e-462, -6.01347001699907e-154,                   1.0,  3.00673500849953e-153]
[                     0,                      0,                     0,                    1.0], [                   1.0,  7.32066316474417e-250,                     0, -3.66033158237209e-249]
[-7.32066316474417e-250,                    1.0, 7.32027929516476e-250,                    5.0]
[ 5.35892989917521e-499, -7.32027929516476e-250,                   1.0,  3.66013964758238e-249]
[                     0,                      0,                     0,                    1.0], [                   1.0, 7.32121702200048e-250,                   0, -3.66060851100024e-249]
[-7.32121702200048e-250,                   1.0, 7.308429837877e-250,                    5.0]
[ 5.35066009331613e-499,  -7.308429837877e-250,                 1.0,   3.6542149189385e-249]
[                     0,                     0,                   0,                    1.0], [                   1.0,  6.01346930292693e-154,                     0, -3.00673465146346e-153]
[-6.01346930292693e-154,                    1.0, 7.32172850936542e-250,                    5.0]
[ 4.40289896354339e-403, -7.32172850936542e-250,                   1.0,  3.66086425468271e-249]
[                     0,                      0,                     0,                    1.0], [                   1.0, 7.32223999673036e-250,                     0, -3.66111999836518e-249]
[-7.32223999673036e-250,                   1.0, -1.26291476715062e-42,                    5.0]
[-9.24736502049166e-292,  1.26291476715062e-42,                   1.0,  -6.31457383575309e-42]
[                     0,                     0,                     0,                    1.0], [                  1.0, 3.3900580357303e-309,   0, -1.69502901786515e-308]
[-3.3900580357303e-309,                  1.0,   0,                    5.0]
[                    0,                    0, 1.0,                      0]
[                    0,                    0,   0,                    1.0], [                   1.0,  3.39020657543567e-309,                     0, -1.69510328771784e-308]
[-3.39020657543567e-309,                    1.0, 6.46690525071125e-250,                    5.0]
[ 2.19241447036808e-558, -6.46690525071125e-250,                   1.0,  3.23345262535562e-249]
[                     0,                      0,                     0,                    1.0], [                   1.0,  7.32377445882517e-250,                     0, -3.66188722941259e-249]
[-7.32377445882517e-250,                    1.0, 3.58997996803599e-261,                    5.0]
[  2.6292203597596e-510, -3.58997996803599e-261,                   1.0,  1.79498998401799e-260]
[                     0,                      0,                     0,                    1.0], [                   1.0,  7.32428594619011e-250,                     0, -3.66214297309505e-249]
[-7.32428594619011e-250,                    1.0, 9.45266414260423e-260,                    5.0]
[ 6.92340151337313e-509, -9.45266414260423e-260,                   1.0,  4.72633207130211e-259]
[                     0,                      0,                     0,                    1.0], [                   1.0, 7.32479743355505e-250,                     0, -3.66239871677753e-249]
[-7.32479743355505e-250,                   1.0, -1.26291476715062e-42,                    5.0]
[-9.25059484522362e-292,  1.26291476715062e-42,                   1.0,  -6.31457383575309e-42]
[                     0,                     0,                     0,                    1.0], [                   1.0, 3.39075829434132e-309,   0, -1.69537914717066e-308]
[-3.39075829434132e-309,                   1.0,   0,                    5.0]
[                     0,                     0, 1.0,                      0]
[                     0,                     0,   0,                    1.0], [                   1.0,  6.01346930292693e-154,                     0, -3.00673465146346e-153]
[-6.01346930292693e-154,                    1.0, 7.32573516039079e-250,                    5.0]
[ 4.40530835083825e-403, -7.32573516039079e-250,                   1.0,  3.66286758019539e-249]
[                     0,                      0,                     0,                    1.0], [                   1.0,  6.01346930292693e-154,                     0, -3.00673465146346e-153]
[-6.01346930292693e-154,                    1.0, 7.32675813512065e-250,                    5.0]
[ 4.40592351355181e-403, -7.32675813512065e-250,                   1.0,  3.66337906756032e-249]
[                     0,                      0,                     0,                    1.0], [                   1.0,  3.39118269349952e-309,                     0, -1.69559134674976e-308]
[-3.39118269349952e-309,                    1.0, 6.01347001699907e-154,                    5.0]
[ 2.03927754495255e-462, -6.01347001699907e-154,                   1.0,  3.00673500849953e-153]
[                     0,                      0,                     0,                    1.0], [                   1.0,  7.32731250048993e-250,                     0, -3.66365625024496e-249]
[-7.32731250048993e-250,                    1.0, 7.32692863090896e-250,                    5.0]
[ 5.36866957474568e-499, -7.32692863090896e-250,                   1.0,  3.66346431545448e-249]
[                     0,                      0,                     0,                    1.0], [                   1.0, 7.32786635774469e-250,                    0, -3.66393317887234e-249]
[-7.32786635774469e-250,                   1.0, 2.6945154384983e-250,                    5.0]
[ 1.97450490321953e-499, -2.6945154384983e-250,                  1.0,  1.34725771924915e-249]
[                     0,                     0,                    0,                    1.0], [                   1.0,  7.32837784510962e-250,                     0, -3.66418892255481e-249]
[-7.32837784510962e-250,                    1.0, 3.61919934641374e-251,                    5.0]
[ 2.65228603072937e-500, -3.61919934641374e-251,                   1.0,  1.80959967320687e-250]
[                     0,                      0,                     0,                    1.0], [1.0,                      0,                     0,                     0]
[  0,                    1.0, 6.01347001699907e-154,                   5.0]
[  0, -6.01347001699907e-154,                   1.0, 3.00673500849953e-153]
[  0,                      0,                     0,                   1.0], [                   1.0,  3.39190417206844e-309,                     0, -1.69595208603422e-308]
[-3.39190417206844e-309,                    1.0, 6.01347001699907e-154,                    5.0]
[ 2.03971140392676e-462, -6.01347001699907e-154,                   1.0,  3.00673500849953e-153]
[                     0,                      0,                     0,                    1.0], [                   1.0, 6.01346930292693e-154,                    0, -3.00673465146346e-153]
[-6.01346930292693e-154,                   1.0, 7.3298270593103e-250,                    5.0]
[ 4.40776900169256e-403, -7.3298270593103e-250,                  1.0,  3.66491352965515e-249]
[                     0,                     0,                    0,                    1.0], [                   1.0,  6.01346930292693e-154,                     0, -3.00673465146346e-153]
[-6.01346930292693e-154,                    1.0, 7.33085003404016e-250,                    5.0]
[ 4.40838416440613e-403, -7.33085003404016e-250,                   1.0,  3.66542501702008e-249]
[                     0,                      0,                     0,                    1.0], [                   1.0,  3.39266809055319e-309,                     0, -1.6963340452766e-308]
[-3.39266809055319e-309,                    1.0, 6.01347001699907e-154,                   5.0]
[ 2.04017078401711e-462, -6.01347001699907e-154,                   1.0, 3.00673500849953e-153]
[                     0,                      0,                     0,                   1.0], [                   1.0,  3.39186173215263e-309,                     0, -1.69593086607631e-308]
[-3.39186173215263e-309,                    1.0, 6.01347001699907e-154,                    5.0]
[ 2.03968588281063e-462, -6.01347001699907e-154,                   1.0,  3.00673500849953e-153]
[                     0,                      0,                     0,                    1.0], [                   1.0,  7.33191588677545e-250,                     0, -3.66595794338772e-249]
[-7.33191588677545e-250,                    1.0, 7.33153201719341e-250,                    5.0]
[ 5.37541760712632e-499, -7.33153201719341e-250,                   1.0,  3.66576600859671e-249]
[                     0,                      0,                     0,                    1.0], [                   1.0, 7.33246974402914e-250,                     0, -3.66623487201457e-249]
[-7.33246974402914e-250,                   1.0, -1.18099901903101e-42,                    5.0]
[-8.65963957477294e-292,  1.18099901903101e-42,                   1.0,  -5.90499509515503e-42]
[                     0,                     0,                     0,                    1.0], [                  1.0,   5.10508500888577e-38,                     0, -2.55254250444289e-37]
[-5.10508500888577e-38,                    1.0, 7.33298123139407e-250,                   5.0]
[3.74354925548306e-287, -7.33298123139407e-250,                   1.0, 3.66649061569704e-249]
[                    0,                      0,                     0,                   1.0], [1.0,                 0,                  0,                 0]
[  0, 0.562807169903227, -0.826588222457543,  2.81403584951614]
[  0, 0.826588222457543,  0.562807169903227, -4.13294111228771]
[  0,                 0,                  0,               1.0], [                  1.0,   3.3935593287854e-309,                     0, -1.6967796643927e-308]
[-3.3935593287854e-309,                    1.0, 7.89202733941296e-114,                   5.0]
[2.67820630006942e-422, -7.89202733941296e-114,                   1.0, 3.94601366970648e-113]
[                    0,                      0,                     0,                   1.0], [                   1.0,  7.33447332360074e-250,                     0, -3.66723666180037e-249]
[-7.33447332360074e-250,                    1.0, 7.33408945401811e-250,                    5.0]
[ 5.37916834533973e-499, -7.33408945401811e-250,                   1.0,  3.66704472700905e-249]
[                     0,                      0,                     0,                    1.0], [                  1.0,    1.0848451753332e-42,                     0, -5.42422587666599e-42]
[ -1.0848451753332e-42,                    1.0, 7.33502718085383e-250,                   5.0]
[7.95736884808715e-292, -7.33502718085383e-250,                   1.0, 3.66751359042691e-249]
[                    0,                      0,                     0,                   1.0], [1.0,                 0,                  0,                 0]
[  0,  0.94508546923983, -0.326823279207173,  4.72542734619915]
[  0, 0.326823279207173,   0.94508546923983, -1.63411639603587]
[  0,                 0,                  0,               1.0], [                   1.0, 3.39432324727014e-309,                 0, -1.66012400008227e-308]
[-3.32024800016455e-309,     0.978176725753749, 0.207774621149153,       4.89088362876875]
[ 7.05254226759316e-310,    -0.207774621149153, 0.978176725753749,       1.03887310574576]
[                     0,                     0,                 0,                    1.0], [                   1.0, 3.39476886638625e-309,                    0, -1.69738443319312e-308]
[-3.39476886638625e-309,                   1.0, 1.66040122257884e-81,                    5.0]
[ 5.63667837612031e-390, -1.66040122257884e-81,                  1.0,   8.30200611289421e-81]
[                     0,                     0,                    0,                    1.0], [                  1.0,   7.04659882531118e-71,                     0, -3.52329941265559e-70]
[-7.04659882531118e-71,                    1.0, 7.33698788241944e-250,                   5.0]
[5.17008101935792e-320, -7.33698788241944e-250,                   1.0, 3.66849394120972e-249]
[                    0,                      0,                     0,                   1.0], [                  1.0,  2.09163664289934e-76,                    0, -1.04581832144967e-75]
[-2.09163664289934e-76,                   1.0, 7.3380108571493e-250,                   5.0]
[1.53484523948067e-325, -7.3380108571493e-250,                  1.0, 3.66900542857465e-249]
[                    0,                     0,                    0,                   1.0], [                  1.0, 3.39504472583907e-309,                  0, 1.02651474419069e-308]
[2.05302948838138e-309,    -0.604713532271356,  0.796443057530103,     -3.02356766135678]
[2.70395980189872e-309,    -0.796443057530103, -0.604713532271356,      3.98221528765052]
[                    0,                     0,                  0,                   1.0], [                   1.0, 3.39324102941675e-309,                    0, -1.69662051470838e-308]
[-3.39324102941675e-309,                   1.0, 7.05392379930846e-71,                    5.0]
[ 2.39356636541928e-379, -7.05392379930846e-71,                  1.0,   3.52696189965423e-70]
[                     0,                     0,                    0,                    1.0], [                   1.0, 3.39169197248935e-309,                    0, -1.69584598624467e-308]
[-3.39169197248935e-309,                   1.0, 5.88743513222401e-62,                    5.0]
[ 1.99683664765159e-370, -5.88743513222401e-62,                  1.0,     2.943717566112e-61]
[                     0,                     0,                    0,                    1.0], [                   1.0,  4.19404025207025e-110,                     0, -2.09702012603513e-109]
[-4.19404025207025e-110,                    1.0, 7.33954531924414e-250,                    5.0]
[ 3.07823485008037e-359, -7.33954531924414e-250,                   1.0,  3.66977265962207e-249]
[                     0,                      0,                     0,                    1.0], [                   1.0, 1.08614432623357e-153,                    0, -5.43072163116783e-153]
[-1.08614432623357e-153,                   1.0, 5.7724158422384e-101,                    5.0]
[ 6.26967671570799e-254, -5.7724158422384e-101,                  1.0,   2.8862079211192e-100]
[                     0,                     0,                    0,                    1.0], [                   1.0, 7.32445644197842e-250,                    0, -3.66222822098921e-249]
[-7.32445644197842e-250,                   1.0, 3.3904824348885e-309,                    5.0]
[ 2.48334409116338e-558, -3.3904824348885e-309,                  1.0,  1.69524121744425e-308]
[                     0,                     0,                    0,                    1.0], [                   1.0,  7.34103715739186e-250,                     0, -3.67051857869593e-249]
[-7.34103715739186e-250,                    1.0, 3.39568132457636e-309,                    5.0]
[ 2.49278227783767e-558, -3.39568132457636e-309,                   1.0,  1.69784066228818e-308]
[                     0,                      0,                     0,                    1.0], [                  1.0,   7.3415486447568e-250,                     0, -3.6707743223784e-249]
[-7.3415486447568e-250,                    1.0, 3.39585108423964e-309,                   5.0]
[2.49308059252954e-558, -3.39585108423964e-309,                   1.0, 1.69792554211982e-308]
[                    0,                      0,                     0,                   1.0], [                   1.0,  7.34206013212174e-250,                     0, -3.67103006606087e-249]
[-7.34206013212174e-250,                    1.0, 3.39582986428173e-309,                    5.0]
[ 2.49323870620113e-558, -3.39582986428173e-309,                   1.0,  1.69791493214087e-308]
[                     0,                      0,                     0,                    1.0], [                  1.0,   7.05392379930847e-71,                     0, -3.52696189965423e-70]
[-7.05392379930847e-71,                    1.0, 7.34278499328293e-250,                   5.0]
[5.17954458173235e-320, -7.34278499328293e-250,                   1.0, 3.67139249664147e-249]
[                    0,                      0,                     0,                   1.0], [                  1.0,   2.0081073652396e-105,                     0, -1.0040536826198e-104]
[-2.0081073652396e-105,                    1.0, 7.34333885053409e-250,                   5.0]
[1.47462128312076e-354, -7.34333885053409e-250,                   1.0, 3.67166942526704e-249]
[                    0,                      0,                     0,                   1.0], [                  1.0, 3.1967311171417e-110,                 0, 3.34980546150941e-110]
[6.69961092301883e-111,    -0.20957692960455, 0.977792161237514,     -1.04788464802275]
[ 3.1257386279252e-110,   -0.977792161237514, -0.20957692960455,      4.88896080618757]
[                    0,                    0,                 0,                   1.0], [                  1.0, 1.65962908894042e-81,   0, -8.29814544470211e-81]
[-1.65962908894042e-81,                  1.0,   0,                   5.0]
[                    0,                    0, 1.0,                     0]
[                    0,                    0,   0,                   1.0], [                   1.0,  7.34419132947565e-250,                     0, -3.67209566473783e-249]
[-7.34419132947565e-250,                    1.0, 3.39657256280857e-309,                    5.0]
[ 2.49450787657136e-558, -3.39657256280857e-309,                   1.0,  1.69828628140428e-308]
[                     0,                      0,                     0,                    1.0], [                   1.0, 7.34555529578215e-250,                    0, -3.67277764789108e-249]
[-7.34555529578215e-250,                   1.0, 5.10508500888577e-38,                    5.0]
[  3.7499684222439e-287, -5.10508500888577e-38,                  1.0,   2.55254250444289e-37]
[                     0,                     0,                    0,                    1.0], [                  1.0,   7.05390644685065e-71,                     0, -3.52695322342533e-70]
[-7.05390644685065e-71,                    1.0, 1.79009954123743e-105,                   5.0]
[1.26271946944391e-175, -1.79009954123743e-105,                   1.0, 8.95049770618713e-105]
[                    0,                      0,                     0,                   1.0], [                   1.0,  7.34606678314711e-250,                     0, -3.67303339157355e-249]
[-7.34606678314711e-250,                    1.0, 3.39733648129332e-309,                    5.0]
[ 2.49570606764027e-558, -3.39733648129332e-309,                   1.0,  1.69866824064666e-308]
[                     0,                      0,                     0,                    1.0], [                   1.0,  3.58997996803599e-261,                     0, -1.79498998401799e-260]
[-3.58997996803599e-261,                    1.0, 3.39761234074614e-309,                    5.0]
[ 1.21973602424305e-569, -3.39761234074614e-309,                   1.0,  1.69880617037307e-308]
[                     0,                      0,                     0,                    1.0], [                   1.0,  3.58997996803599e-261,                     0, -1.79498998401799e-260]
[-3.58997996803599e-261,                    1.0, 3.39765478066196e-309,                    5.0]
[ 1.21975126008782e-569, -3.39765478066196e-309,                   1.0,  1.69882739033098e-308]
[                     0,                      0,                     0,                    1.0]]}, '<essential.VisualizationFrame object at 0xc396e0c>': {'shape': {'color': 'red', 'points': [[1, 1, 1], [0, 1, 1], [2, 1, 1]], 'name': 'shape1'}, 'name': 'frame1', 'simulation_matrix': [[ 0.984807753012208,   0.17364817766693,                 0, -0.855050358314172]
[-0.171010071662834,  0.969846310392954,  0.17364817766693,   4.84923155196477]
[0.0301536896070458, -0.171010071662834, 0.984807753012208,  0.868240888334652]
[                 0,                  0,                 0,                1.0], [  0.98137857747231,  0.192083543486748,                 0, -0.945617798416444]
[-0.189123559683289,  0.966255654177323, 0.174877928690489,   4.83127827088661]
[0.0335911722204919, -0.171621452889576, 0.984590122871911,  0.874389643452446]
[                 0,                  0,                 0,                1.0], [ 0.977014736991569,  0.213171770413662,                 0, -1.04872364204775]
[ -0.20974472840955,  0.961307823567671, 0.178590081617069,  4.80653911783835]
[0.0380703638766311, -0.174485141620404, 0.983923565500902, 0.892950408085347]
[                 0,                  0,                 0,               1.0], [  0.97147026922778,  0.237161371235926,                 0,  -1.1653707881165]
[-0.233074157623299,   0.95472805489516, 0.184853396626337,   4.7736402744758]
[0.0438400850215205, -0.179579578988257, 0.982766107349916, 0.924266983131683]
[                 0,                  0,                 0,               1.0], [ 0.964437824695293,  0.264309822551134,                 0, -1.29649860120384]
[-0.259299720240767,  0.946156505722456, 0.193782150267078,  4.73078252861228]
[0.0512185257506686, -0.186890835468357,  0.98104458524466, 0.968910751335391]
[                 0,                  0,                 0,               1.0], [ 0.955536504039842,  0.294872836062117,                 0, -1.4428863271842]
[ -0.28857726543684,  0.935135684396534, 0.205534458525137, 4.67567842198267]
[0.0606065286937987, -0.196395677958831, 0.978649879353581, 1.02767229262568]
[                 0,                  0,                 0,              1.0], [ 0.944299331453514, 0.329087788616421,                 0, -1.60501034568788]
[-0.321002069137577, 0.921097803586758, 0.220310026637567,  4.60548901793379]
[0.0725013394761815, -0.20803861086636, 0.975429901204056,  1.10155013318783]
[                 0,                 0,                 0,               1.0], [ 0.930161639252938,  0.367150275585199,                 0, -1.78284411736451]
[-0.356568823472903,  0.903353921822352, 0.238349252265088,  4.51676960911176]
[0.0875099936546532, -0.221703331201606, 0.971179506551015,  1.19174626132544]
[                 0,                  0,                 0,               1.0], [ 0.912452521903643,  0.409182594047794,                 0, -1.97558615473093]
[-0.395117230946186,  0.881087609954204, 0.259936525703114,  4.40543804977102]
[ 0.106361501874971, -0.237179738412678, 0.965625705232309,  1.29968262851557]
[                 0,                  0,                 0,               1.0], [ 0.890393810959804,  0.455191016392543,                 0, -2.18128733895386]
[-0.436257467790772,  0.853358118497927,  0.28541083264386,  4.26679059248963]
[ 0.129916447000601, -0.254128038966977, 0.958405267415376,   1.4270541632193]
[                 0,                  0,                 0,               1.0], [ 0.863116807711303,  0.505004332898491,                 0, -2.39632065191898]
[-0.479264130383796,  0.819123518986805, 0.315186538370752,  4.09561759493402]
[ 0.159170567548506, -0.272042798832139, 0.949029739275784,  1.57593269185376]
