{'frames': {'frame3': {'shape': {'color': 'green', 'points': [[1, 1, 1], [0, 1, 1], [2, 1, 1]], 'name': 'shape3'}, 'name': 'frame3', 'simulation_matrix': [[[0.984807753012208, 0.173648177666930, 0, -0.855050358314172], [-0.171010071662834, 0.969846310392954, 0.173648177666930, 4.84923155196477], [0.0301536896070458, -0.171010071662834, 0.984807753012208, 0.868240888334652], [0, 0, 0, 1.00000000000000]], [[0.984807680117067, 0.173648591075311, 0, -0.855052392164692], [-0.171010478432938, 0.969846236576786, 0.173648189348414, 4.84923118288393], [0.0301537634231310, -0.171010070508741, 0.984807750952447, 0.868240946742072], [0, 0, 0, 1.00000000000000]], [[0.984805411677293, 0.173661455513642, 0, -0.855115640799528], [-0.171023128159906, 0.969843893313584, 0.173648818702432, 4.84921946656792], [0.0301561066040889, -0.171010296389524, 0.984807639980138, 0.868244093512160], [0, 0, 0, 1.00000000000000]], [[0.984789946601407, 0.173749132581428, 0, -0.855546428788729], [-0.171109285757746, 0.969827600753082, 0.173654937001501, 4.84913800376541], [0.0301723946724934, -0.171013636136779, 0.984806561135234, 0.868274685007506], [0, 0, 0, 1.00000000000000]], [[0.984732882402185, 0.174072256019979, 0, -0.857133053099393], [-0.171426610619879, 0.969766373205243, 0.173683904181503, 4.84883186602622], [0.0302335490352322, -0.171032251591516, 0.984801452795573, 0.868419520907515], [0, 0, 0, 1.00000000000000]], [[0.984580725799690, 0.174930827425457, 0, -0.861346373166293], [-0.172269274633259, 0.969600441201118, 0.173776527298505, 4.84800220600559], [0.0303988717074500, -0.171097019374512, 0.984785112885076, 0.868882636492524], [0, 0, 0, 1.00000000000000]], [[0.984248958311007, 0.176787974884314, 0, -0.870454814567557], [-0.174090962913511, 0.969233620166249, 0.174007258961441, 4.84616810083124], [0.0307623909269636, -0.171266463371352, 0.984744369787777, 0.870036294807205], [0, 0, 0, 1.00000000000000]], [[0.983618607523789, 0.180262128393524, 0, -0.887483790851719], [-0.177496758170344, 0.968529084103351, 0.174488721941969, 4.84264542051676], [0.0314537083979250, -0.171630353705165, 0.984659172462766, 0.872443609709844], [0, 0, 0, 1.00000000000000]], [[0.982535828638942, 0.186073494729336, 0, -0.915950045340020], [-0.183190009068004, 0.967309974049891, 0.175364861592235, 4.83654987024946], [0.0326307526491934, -0.172302259598680, 0.984503512090605, 0.876824307961174], [0, 0, 0, 1.00000000000000]], [[0.980815750320814, 0.194937076828958, 0, -0.959333103195559], [-0.191866620639112, 0.965366909901842, 0.176787808264870, 4.82683454950921], [0.0344624985621522, -0.173396266810881, 0.984248988238699, 0.883939041324352], [0, 0, 0, 1.00000000000000]], [[0.978255509613442, 0.207403370056863, 0, -1.02029133825409], [-0.204058267650818, 0.962477729059359, 0.178876618002707, 4.81238864529679], [0.0370996133981355, -0.174987037102167, 0.983871513731297, 0.894383090013533], [0, 0, 0, 1.00000000000000]], [[0.974670439500808, 0.223646002341427, 0, -1.09962367142155], [-0.219924734284310, 0.958452801202972, 0.181662707004357, 4.79226400601486], [0.0406281381960464, -0.177061270476843, 0.983360900627968, 0.908313535021786], [0, 0, 0, 1.00000000000000]], [[0.969989710473974, 0.243145967629769, 0, -1.19473470305831], [-0.238946940611663, 0.953238402437615, 0.185042988763447, 4.76619201218808], [0.0449924565559927, -0.179489795095895, 0.982730427080332, 0.925214943817234], [0, 0, 0, 1.00000000000000]], [[0.964543761245809, 0.263922967249515, 0, -1.29588464387729], [-0.259176928775458, 0.947198693294764, 0.188790770460883, 4.73599346647382], [0.0498262203293582, -0.182096959828834, 0.982017334362681, 0.943953852304413], [0, 0, 0, 1.00000000000000]], [[0.960697552120569, 0.277597214232322, 0, -1.36221462591681], [-0.272442925183361, 0.942859790722450, 0.191807892320288, 4.71429895361225], [0.0532453365758852, -0.184269372629506, 0.981432490008176, 0.959039461601440], [0, 0, 0, 1.00000000000000]], [[0.961451830946673, 0.274973411022395, 0, -1.34969697317033], [-0.269939394634067, 0.943850259014399, 0.190471551112088, 4.71925129507200], [0.0523746121120173, -0.183129221559970, 0.981692715780735, 0.952357755560442], [0, 0, 0, 1.00000000000000]], [[1.00000000000000, 1.49422508877494e-250, 0, -7.47112544387469e-250], [-1.49422508877494e-250, 1.00000000000000, 2.52169491815150e-309, 5.00000000000000], [3.76797981293823e-559, -2.52169491815150e-309, 1.00000000000000, 1.26084745907575e-308], [0, 0, 0, 1.00000000000000]], [[1.00000000000000, 3.02537183909501e-309, 0, -1.51268591954751e-308], [-3.02537183909501e-309, 1.00000000000000, 6.17469339061903e-114, 5.00000000000000], [1.86807434990249e-422, -6.17469339061903e-114, 1.00000000000000, 3.08734669530952e-113], [0, 0, 0, 1.00000000000000]], [[1.00000000000000, 2.47923606697080e-91, 0, -1.23961803348540e-90], [-2.47923606697080e-91, 1.00000000000000, 3.99514255964384e-250, 5.00000000000000], [9.90490152655905e-341, -3.99514255964384e-250, 1.00000000000000, 1.99757127982192e-249], [0, 0, 0, 1.00000000000000]], [[1.00000000000000, 4.66450667456017e-33, 0, -3.18135372374606e-33], [-6.36270744749213e-34, 0.136406867680001, 0.990652899077033, 0.682034338400007], [4.62090705991721e-33, -0.990652899077033, 0.136406867680001, 4.95326449538517], [0, 0, 0, 1.00000000000000]], [[1.00000000000000, 3.99548355122047e-250, 0, -1.99774177561024e-249], [-3.99548355122047e-250, 1.00000000000000, 3.38511378553736e-309, 5.00000000000000], [1.35251664491242e-558, -3.38511378553736e-309, 1.00000000000000, 1.69255689276868e-308], [0, 0, 0, 1.00000000000000]], [[1.00000000000000, 3.99599503858540e-250, 0, -1.99799751929270e-249], [-3.99599503858540e-250, 1.00000000000000, 5.10504913564508e-38, 5.00000000000000], [2.03997510177725e-287, -5.10504913564508e-38, 1.00000000000000, 2.55252456782254e-37], [0, 0, 0, 1.00000000000000]], [[-0.975531221675421, -0.219860945910045, 0, 1.09930472955023], [0.219860945910045, -0.975531221675421, 6.82359875494630e-38, -4.87765610837711], [-1.50024287677310e-38, 6.65663362963565e-38, 1.00000000000000, 3.41179937747315e-37], [0, 0, 0, 1.00000000000000]], [[1.00000000000000, 5.77911144749697e-67, 0, -1.06619540478052e-66], [-2.13239080956105e-67, 0.368982468833444, -0.929436354837477, 1.84491234416722], [-5.37131627796112e-67, 0.929436354837477, 0.368982468833444, -4.64718177418739], [0, 0, 0, 1.00000000000000]], [[1.00000000000000, 2.39369905451996e-81, 0, -1.19684952725998e-80], [-2.39369905451996e-81, 1.00000000000000, 2.09163664289934e-76, 5.00000000000000], [5.00674865450745e-157, -2.09163664289934e-76, 1.00000000000000, 1.04581832144967e-75], [0, 0, 0, 1.00000000000000]], [[1.00000000000000, 3.70710214033693e-91, 0, -2.71731115856583e-91], [-5.43462231713166e-92, 0.146600285381879, -0.989195812933896, 0.733001426909393], [-3.66704991533957e-91, 0.989195812933896, 0.146600285381879, -4.94597906466948], [0, 0, 0, 1.00000000000000]], [[1.00000000000000, 3.99701801331529e-250, 0, -1.99850900665764e-249], [-3.99701801331529e-250, 1.00000000000000, 3.38615356347493e-309, 5.00000000000000], [1.35345167890610e-558, -3.38615356347493e-309, 1.00000000000000, 1.69307678173746e-308], [0, 0, 0, 1.00000000000000]], [[1.00000000000000, -8.03288870852078e-43, 0, 4.01644435426039e-42], [8.03288870852078e-43, 1.00000000000000, 3.38655674267521e-309, 5.00000000000000], [-2.72038334190006e-351, -3.38655674267521e-309, 1.00000000000000, 1.69327837133761e-308], [0, 0, 0, 1.00000000000000]], [[1.00000000000000, 0, 0, 0], [0, 1.00000000000000, 3.99769999646853e-250, 5.00000000000000], [0, -3.99769999646853e-250, 1.00000000000000, 1.99884999823427e-249], [0, 0, 0, 1.00000000000000]], [[1.00000000000000, 3.63718665208075e-250, 0, -1.81859332604038e-249], [-3.63718665208075e-250, 1.00000000000000, 3.38687504204386e-309, 5.00000000000000], [1.23186966951874e-558, -3.38687504204386e-309, 1.00000000000000, 1.69343752102193e-308], [0, 0, 0, 1.00000000000000]], [[1.00000000000000, 3.99731638094483e-250, 0, -1.99865819047241e-249], [-3.99731638094483e-250, 1.00000000000000, 3.38602624372747e-309, 5.00000000000000], [1.35350181703609e-558, -3.38602624372747e-309, 1.00000000000000, 1.69301312186374e-308], [0, 0, 0, 1.00000000000000]], [[1.00000000000000, 3.99855247541010e-250, 0, 1.82743349105746e-249], [3.65486698211493e-250, -0.914047522094875, 0.405607109592792, -4.57023761047437], [1.62184131210619e-250, -0.405607109592792, -0.914047522094875, 2.02803554796396], [0, 0, 0, 1.00000000000000]], [[1.00000000000000, 2.86407800464107e-110, 0, -1.43203900232053e-109], [-2.86407800464107e-110, 1.00000000000000, 7.10964208038678e-38, 5.00000000000000], [2.03625695033063e-147, -7.10964208038678e-38, 1.00000000000000, 3.55482104019339e-37], [0, 0, 0, 1.00000000000000]], [[1.00000000000000, 9.39462446925532e-154, 0, 2.51241011110023e-153], [5.02482022220046e-154, -0.534861211179286, 0.844939929684843, -2.67430605589643], [7.93789333846810e-154, -0.844939929684843, -0.534861211179286, 4.22469964842421], [0, 0, 0, 1.00000000000000]], [[-0.730859801961965, -0.682527618398052, 0, 3.41263809199026], [0.682527618398052, -0.730859801961965, 7.05392229624590e-71, -3.65429900980983], [-4.81449678522164e-71, 5.15542825248937e-71, 1.00000000000000, 3.52696114812295e-70], [0, 0, 0, 1.00000000000000]], [[1.00000000000000, 3.99931970645751e-250, 0, -1.99965985322876e-249], [-3.99931970645751e-250, 1.00000000000000, 3.38770262040233e-309, 5.00000000000000], [1.35485058493928e-558, -3.38770262040233e-309, 1.00000000000000, 1.69385131020117e-308], [0, 0, 0, 1.00000000000000]], [[1.00000000000000, 3.99983119382245e-250, 0, -1.99991559691122e-249], [-3.99983119382245e-250, 1.00000000000000, 5.10504913564508e-38, 5.00000000000000], [2.04193347787495e-287, -5.10504913564508e-38, 1.00000000000000, 2.55252456782254e-37], [0, 0, 0, 1.00000000000000]], [[0.552448164622605, 0.833547254452389, 0, -4.16773627226194], [-0.833547254452389, 0.552448164622605, 4.19404025207025e-110, 2.76224082311303], [3.49593073717596e-110, -2.31698983960954e-110, 1.00000000000000, 2.09702012603513e-109], [0, 0, 0, 1.00000000000000]], [[1.00000000000000, 4.19404074153326e-110, 0, -2.09702037076663e-109], [-4.19404074153326e-110, 1.00000000000000, 9.40627118735375e-154, 5.00000000000000], [3.94502845856721e-263, -9.40627118735375e-154, 1.00000000000000, 4.70313559367688e-153], [0, 0, 0, 1.00000000000000]], [[1.00000000000000, 4.00034268118739e-250, 0, -2.00017134059370e-249], [-4.00034268118739e-250, 1.00000000000000, 3.38846653888708e-309, 5.00000000000000], [1.35550273192853e-558, -3.38846653888708e-309, 1.00000000000000, 1.69423326944354e-308], [0, 0, 0, 1.00000000000000]], [[1.00000000000000, 6.04447529519892e-252, 0, -3.02223764759946e-251], [-6.04447529519892e-252, 1.00000000000000, 3.38874239833991e-309, 5.00000000000000], [2.04831697085587e-560, -3.38874239833991e-309, 1.00000000000000, 1.69437119916995e-308], [0, 0, 0, 1.00000000000000]], [[1.00000000000000, -8.03288870852078e-43, 0, 4.01644435426039e-42], [8.03288870852078e-43, 1.00000000000000, 3.38893337796109e-309, 5.00000000000000], [-2.72229246657529e-351, -3.38893337796109e-309, 1.00000000000000, 1.69446668898055e-308], [0, 0, 0, 1.00000000000000]], [[1.00000000000000, 0, 0, 0], [0, 1.00000000000000, 4.00128040802311e-250, 5.00000000000000], [0, -4.00128040802311e-250, 1.00000000000000, 2.00064020401155e-249], [0, 0, 0, 1.00000000000000]], [[1.00000000000000, 3.63718665208075e-250, 0, -1.81859332604038e-249], [-3.63718665208075e-250, 1.00000000000000, 3.38925167732974e-309, 5.00000000000000], [1.23273409613260e-558, -3.38925167732974e-309, 1.00000000000000, 1.69462583866487e-308], [0, 0, 0, 1.00000000000000]], [[1.00000000000000, 4.00072629671109e-250, 0, -2.00036314835554e-249], [-4.00072629671109e-250, 1.00000000000000, 3.38869995842409e-309, 5.00000000000000], [1.35572610353310e-558, -3.38869995842409e-309, 1.00000000000000, 1.69434997921204e-308], [0, 0, 0, 1.00000000000000]], [[1.00000000000000, 4.00191976722928e-250, 0, -2.00095988361464e-249], [-4.00191976722928e-250, 1.00000000000000, 3.38940021703511e-309, 5.00000000000000], [1.35641077276040e-558, -3.38940021703511e-309, 1.00000000000000, 1.69470010851755e-308], [0, 0, 0, 1.00000000000000]], [[1.00000000000000, -8.03256027919321e-43, 0, 4.01628013959660e-42], [8.03256027919321e-43, 1.00000000000000, 3.38948509686674e-309, 5.00000000000000], [-2.72262433560091e-351, -3.38948509686674e-309, 1.00000000000000, 1.69474254843337e-308], [0, 0, 0, 1.00000000000000]], [[1.00000000000000, 0, 0, 0], [0, 1.00000000000000, 4.00255912643545e-250, 5.00000000000000], [0, -4.00255912643545e-250, 1.00000000000000, 2.00127956321773e-249], [0, 0, 0, 1.00000000000000]], [[-0.845990644242197, -0.533197739918946, 0, 2.66598869959473], [0.533197739918946, -0.845990644242197, 4.00281487011792e-250, -4.22995322121099], [-2.13429184206083e-250, 3.38634393075331e-250, 1.00000000000000, 2.00140743505896e-249], [0, 0, 0, 1.00000000000000]], [[1.00000000000000, 7.11747234277370e-38, 0, -3.55873617138685e-37], [-7.11747234277370e-38, 1.00000000000000, 4.00307061380039e-250, 5.00000000000000], [2.84917443798944e-287, -4.00307061380039e-250, 1.00000000000000, 2.00153530690020e-249], [0, 0, 0, 1.00000000000000]], [[1.00000000000000, 7.10964204961127e-38, 0, -3.55482102480564e-37], [-7.10964204961127e-38, 1.00000000000000, 4.19404025207025e-110, 5.00000000000000], [2.98181249338809e-147, -4.19404025207025e-110, 1.00000000000000, 2.09702012603513e-109], [0, 0, 0, 1.00000000000000]], [[1.00000000000000, 4.00341160537703e-250, 0, -2.00170580268851e-249], [-4.00341160537703e-250, 1.00000000000000, 3.38997315589867e-309, 5.00000000000000], [1.35714578742413e-558, -3.38997315589867e-309, 1.00000000000000, 1.69498657794933e-308], [0, 0, 0, 1.00000000000000]], [[1.00000000000000, 4.00392309274196e-250, 0, -1.45633634242723e-249], [-2.91267268485446e-250, 0.727454703147111, 0.686155707452141, 3.63727351573556], [2.74731468228432e-250, -0.686155707452141, 0.727454703147111, 3.43077853726071], [0, 0, 0, 1.00000000000000]], [[0.279735399724738, 0.960077135516122, 0, -4.80038567758061], [-0.960077135516122, 0.279735399724738, 7.11747234297521e-38, 1.39867699862369], [6.83332245915886e-38, -1.99100897089194e-38, 1.00000000000000, 3.55873617148761e-37], [0, 0, 0, 1.00000000000000]], [[1.00000000000000, 5.10508703087374e-38, 0, -5.27329259018562e-38], [-1.05465851803712e-38, 0.206589723477568, 0.978427660153505, 1.03294861738784], [4.99495835849780e-38, -0.978427660153505, 0.206589723477568, 4.89213830076752], [0, 0, 0, 1.00000000000000]], [[-0.986685736223259, -0.162638426989333, 0, 0.813192134946666], [0.162638426989333, -0.986685736223259, 2.74903201558076e-105, -4.93342868111630], [-4.47098242757371e-106, 2.71243067819462e-105, 1.00000000000000, 1.37451600779038e-104], [0, 0, 0, 1.00000000000000]], [[1.00000000000000, 4.00469032378937e-250, 0, -2.00234516189469e-249], [-4.00469032378937e-250, 1.00000000000000, 3.39067341450968e-309, 5.00000000000000], [1.35785970142168e-558, -3.39067341450968e-309, 1.00000000000000, 1.69533670725484e-308], [0, 0, 0, 1.00000000000000]], [[0.998918696697108, -0.0464912614256834, 0, 0.232456307128417], [0.0464912614256834, 0.998918696697108, 4.00509537774435e-250, 4.99459348348554], [-1.86201936241509e-251, -4.00076465488399e-250, 1.00000000000000, 2.00254768887217e-249], [0, 0, 0, 1.00000000000000]], [[1.00000000000000, 7.05392379930846e-71, 0, -3.52696189965423e-70], [-7.05392379930846e-71, 1.00000000000000, 0, 5.00000000000000], [0, 0, 1.00000000000000, 0], [0, 0, 0, 1.00000000000000]], [[1.00000000000000, -8.03256027919321e-43, 0, 4.01628013959660e-42], [8.03256027919321e-43, 1.00000000000000, 3.39141611303652e-309, 5.00000000000000], [-2.72417543597930e-351, -3.39141611303652e-309, 1.00000000000000, 1.69570805651826e-308], [0, 0, 0, 1.00000000000000]], [[1.00000000000000, 0, 0, 0], [0, 1.00000000000000, 4.00588379430756e-250, 5.00000000000000], [0, -4.00588379430756e-250, 1.00000000000000, 2.00294189715378e-249], [0, 0, 0, 1.00000000000000]], [[1.00000000000000, 2.74903233635442e-105, 0, -1.37451616817721e-104], [-2.74903233635442e-105, 1.00000000000000, 2.09245309969888e-110, 5.00000000000000], [5.75222123337725e-215, -2.09245309969888e-110, 1.00000000000000, 1.04622654984944e-109], [0, 0, 0, 1.00000000000000]], [[1.00000000000000, 6.17469341477542e-114, 0, -3.08734670738771e-113], [-6.17469341477542e-114, 1.00000000000000, 5.10510742966120e-38, 5.00000000000000], [3.15224732276501e-151, -5.10510742966120e-38, 1.00000000000000, 2.55255371483060e-37], [0, 0, 0, 1.00000000000000]], [[1.00000000000000, 3.55279123686583e-250, 0, -1.77639561843292e-249], [-3.55279123686583e-250, 1.00000000000000, 3.39211637164754e-309, 5.00000000000000], [1.20514813196185e-558, -3.39211637164754e-309, 1.00000000000000, 1.69605818582377e-308], [0, 0, 0, 1.00000000000000]], [[1.00000000000000, 1.49422508877494e-250, 0, -7.47112544387469e-250], [-1.49422508877494e-250, 1.00000000000000, 3.39230735126873e-309, 5.00000000000000], [5.06887075310139e-559, -3.39230735126873e-309, 1.00000000000000, 1.69615367563436e-308], [0, 0, 0, 1.00000000000000]], [[-0.302166539606120, -0.953255150703348, 0, 4.76627575351674], [0.953255150703348, -0.302166539606120, 4.00714132720458e-250, -1.51083269803060], [-3.81982810975402e-250, 1.21082402855408e-250, 1.00000000000000, 2.00357066360229e-249], [0, 0, 0, 1.00000000000000]], [[1.00000000000000, 6.17469341529690e-114, 0, -3.08734670764845e-113], [-6.17469341529690e-114, 1.00000000000000, 0, 5.00000000000000], [0, 0, 1.00000000000000, 0], [0, 0, 0, 1.00000000000000]], [[1.00000000000000, 4.00733300850822e-250, 0, -2.00366650425411e-249], [-4.00733300850822e-250, 1.00000000000000, 3.39264687059528e-309, 5.00000000000000], [1.35954657907486e-558, -3.39264687059528e-309, 1.00000000000000, 1.69632343529764e-308], [0, 0, 0, 1.00000000000000]], [[1.00000000000000, -8.03256027919321e-43, 0, 4.01628013959660e-42], [8.03256027919321e-43, 1.00000000000000, 3.39292273004811e-309, 5.00000000000000], [-2.72538563517562e-351, -3.39292273004811e-309, 1.00000000000000, 1.69646136502405e-308], [0, 0, 0, 1.00000000000000]], [[1.00000000000000, 0, 0, 0], [0, 1.00000000000000, 4.00818548744978e-250, 5.00000000000000], [0, -4.00818548744978e-250, 1.00000000000000, 2.00409274372489e-249], [0, 0, 0, 1.00000000000000]], [[1.00000000000000, 3.35719495629971e-110, 0, -1.67859747814986e-109], [-3.35719495629971e-110, 1.00000000000000, 5.10504913564508e-38, 5.00000000000000], [1.71386452098499e-147, -5.10504913564508e-38, 1.00000000000000, 2.55252456782254e-37], [0, 0, 0, 1.00000000000000]], [[1.00000000000000, 4.00869710127330e-250, 0, -2.00434855063665e-249], [-4.00869710127330e-250, 1.00000000000000, 4.00869697481472e-250, 5.00000000000000], [1.60696519428228e-499, -4.00869697481472e-250, 1.00000000000000, 2.00434848740736e-249], [0, 0, 0, 1.00000000000000]], [[1.00000000000000, 3.55279123686583e-250, 0, -1.77639561843292e-249], [-3.55279123686583e-250, 1.00000000000000, 3.39366542857495e-309, 5.00000000000000], [1.20569847954956e-558, -3.39366542857495e-309, 1.00000000000000, 1.69683271428747e-308], [0, 0, 0, 1.00000000000000]], [[1.00000000000000, -8.03256027919321e-43, 0, 4.01628013959660e-42], [8.03256027919321e-43, 1.00000000000000, 3.39381396828031e-309, 5.00000000000000], [-2.72610152765795e-351, -3.39381396828031e-309, 1.00000000000000, 1.69690698414016e-308], [0, 0, 0, 1.00000000000000]], [[1.00000000000000, 0, 0, 0], [0, 1.00000000000000, 4.00946420586213e-250, 5.00000000000000], [0, -4.00946420586213e-250, 1.00000000000000, 2.00473210293107e-249], [0, 0, 0, 1.00000000000000]], [[1.00000000000000, 1.93792119977570e-261, 0, -9.68960599887851e-261], [-1.93792119977570e-261, 1.00000000000000, 4.00971994954460e-250, 5.00000000000000], [7.77052129538604e-511, -4.00971994954460e-250, 1.00000000000000, 2.00485997477230e-249], [0, 0, 0, 1.00000000000000]], [[1.00000000000000, 3.55279123686583e-250, 0, -1.77639561843292e-249], [-3.55279123686583e-250, 1.00000000000000, 3.39442934705969e-309, 5.00000000000000], [1.20596988383939e-558, -3.39442934705969e-309, 1.00000000000000, 1.69721467352985e-308], [0, 0, 0, 1.00000000000000]], [[1.00000000000000, 4.00954945375629e-250, 0, -2.00477472687814e-249], [-4.00954945375629e-250, 1.00000000000000, 3.39332590924839e-309, 5.00000000000000], [1.36057080458439e-558, -3.39332590924839e-309, 1.00000000000000, 1.69666295462420e-308], [0, 0, 0, 1.00000000000000]], [[1.00000000000000, 4.01035930875077e-250, 0, -2.00517965437539e-249], [-4.01035930875077e-250, 1.00000000000000, 3.39462032668088e-309, 5.00000000000000], [1.36136472267793e-558, -3.39462032668088e-309, 1.00000000000000, 1.69731016334044e-308], [0, 0, 0, 1.00000000000000]], [[1.00000000000000, 1.93792119977570e-261, 0, -9.68960599887851e-261], [-1.93792119977570e-261, 1.00000000000000, 4.01072173875999e-250, 5.00000000000000], [7.77246268394424e-511, -4.01072173875999e-250, 1.00000000000000, 2.00536086937999e-249], [0, 0, 0, 1.00000000000000]], [[1.00000000000000, 1.93793282965191e-261, 0, -9.68966414825957e-261], [-1.93793282965191e-261, 1.00000000000000, 0, 5.00000000000000], [0, 0, 1.00000000000000, 0], [0, 0, 0, 1.00000000000000]], [[1.00000000000000, 4.01091342006279e-250, 0, -2.00545671003139e-249], [-4.01091342006279e-250, 1.00000000000000, 3.39502350588116e-309, 5.00000000000000], [1.36171453411674e-558, -3.39502350588116e-309, 1.00000000000000, 1.69751175294058e-308], [0, 0, 0, 1.00000000000000]], [[1.00000000000000, 1.93789790289746e-261, 0, -9.68948951448729e-261], [-1.93789790289746e-261, 1.00000000000000, 3.39529936533399e-309, 5.00000000000000], [6.57974351978981e-570, -3.39529936533399e-309, 1.00000000000000, 1.69764968266699e-308], [0, 0, 0, 1.00000000000000]], [[1.00000000000000, 4.00613953799003e-250, 0, -2.00306976899501e-249], [-4.00613953799003e-250, 1.00000000000000, 3.39164953257353e-309, 5.00000000000000], [1.35874212914482e-558, -3.39164953257353e-309, 1.00000000000000, 1.69582476628676e-308], [0, 0, 0, 1.00000000000000]], [[1.00000000000000, 1.93792119977570e-261, 0, -9.68960599887851e-261], [-1.93792119977570e-261, 1.00000000000000, 4.01200045717263e-250, 5.00000000000000], [7.77494073946465e-511, -4.01200045717263e-250, 1.00000000000000, 2.00600022858632e-249], [0, 0, 0, 1.00000000000000]], [[1.00000000000000, 1.93792119977570e-261, 0, -9.68960599887851e-261], [-1.93792119977570e-261, 1.00000000000000, 1.93792119977570e-261, 5.00000000000000], [3.75553857654010e-522, -1.93792119977570e-261, 1.00000000000000, 9.68960599887851e-261], [0, 0, 0, 1.00000000000000]], [[1.00000000000000, 3.85995278368165e-309, 0, -1.92997639184083e-308], [-3.85995278368165e-309, 1.00000000000000, 3.85999522359747e-309, 5.00000000000000], [1.48993993083230e-617, -3.85999522359747e-309, 1.00000000000000, 1.92999761179874e-308], [0, 0, 0, 1.00000000000000]], [[1.00000000000000, 3.86008010342911e-309, 0, -1.93004005171456e-308], [-3.86008010342911e-309, 1.00000000000000, 3.86029230300821e-309, 5.00000000000000], [1.49010375122625e-617, -3.86029230300821e-309, 1.00000000000000, 1.93014615150410e-308], [0, 0, 0, 1.00000000000000]], [[1.00000000000000, 3.73131739883334e-309, 0, -1.86565869941667e-308], [-3.73131739883334e-309, 1.00000000000000, 3.73511577129917e-309, 5.00000000000000], [1.39369024641054e-617, -3.73511577129917e-309, 1.00000000000000, 1.86755788564958e-308], [0, 0, 0, 1.00000000000000]], [[1.00000000000000, 1.56124744085834e-321, 0, -7.80623720429170e-321], [-1.56124744085834e-321, 1.00000000000000, 1.39603656428549e-249, 5.00000000000000], [2.17955851333539e-570, -1.39603656428549e-249, 1.00000000000000, 6.98018282142746e-249], [0, 0, 0, 1.00000000000000]], [[1.00000000000000, 1.56124744085834e-321, 0, -7.80623720429170e-321], [-1.56124744085834e-321, 1.00000000000000, 1.39609623781140e-249, 5.00000000000000], [2.17965167847501e-570, -1.39609623781140e-249, 1.00000000000000, 6.98048118905701e-249], [0, 0, 0, 1.00000000000000]], [[1.00000000000000, 3.76843110521732e-309, 0, -1.88421555260866e-308], [-3.76843110521732e-309, 1.00000000000000, 3.77252655709389e-309, 5.00000000000000], [1.42165064230110e-617, -3.77252655709389e-309, 1.00000000000000, 1.88626327854694e-308], [0, 0, 0, 1.00000000000000]], [[1.00000000000000, 0, 0, 0], [0, 1.00000000000000, 1.44439769464046e-249, 5.00000000000000], [0, -1.44439769464046e-249, 1.00000000000000, 7.22198847320232e-249], [0, 0, 0, 1.00000000000000]], [[1.00000000000000, 0, 0, 0], [0, 1.00000000000000, 1.44674201172977e-249, 5.00000000000000], [0, -1.44674201172977e-249, 1.00000000000000, 7.23371005864884e-249], [0, 0, 0, 1.00000000000000]], [[1.00000000000000, 3.79395871458263e-309, 0, -1.89697935729132e-308], [-3.79395871458263e-309, 1.00000000000000, 3.79775708704846e-309, 5.00000000000000], [1.44085335962755e-617, -3.79775708704846e-309, 1.00000000000000, 1.89887854352423e-308], [0, 0, 0, 1.00000000000000]], [[1.00000000000000, 3.86633999101246e-309, 0, -1.93316999550623e-308], [-3.86633999101246e-309, 1.00000000000000, 3.86636121097037e-309, 5.00000000000000], [1.49486669696741e-617, -3.86636121097037e-309, 1.00000000000000, 1.93318060548518e-308], [0, 0, 0, 1.00000000000000]], [[1.00000000000000, 3.86822856726642e-309, 0, -1.93411428363321e-308], [-3.86822856726642e-309, 1.00000000000000, 3.86824978722433e-309, 5.00000000000000], [1.49632743322634e-617, -3.86824978722433e-309, 1.00000000000000, 1.93412489361216e-308], [0, 0, 0, 1.00000000000000]], [[1.00000000000000, 3.82937482433385e-309, 0, -1.91468741216692e-308], [-3.82937482433385e-309, 1.00000000000000, 3.83620765078075e-309, 5.00000000000000], [1.46902769988167e-617, -3.83620765078075e-309, 1.00000000000000, 1.91810382539038e-308], [0, 0, 0, 1.00000000000000]], [[1.00000000000000, 3.84009090307822e-309, 0, -1.92004545153911e-308], [-3.84009090307822e-309, 1.00000000000000, 3.84675396986185e-309, 5.00000000000000], [1.47718849260465e-617, -3.84675396986185e-309, 1.00000000000000, 1.92337698493093e-308], [0, 0, 0, 1.00000000000000]], [[1.00000000000000, 3.85163456018107e-309, 0, -1.92581728009054e-308], [-3.85163456018107e-309, 1.00000000000000, 3.85850982654380e-309, 5.00000000000000], [1.48615697987144e-617, -3.85850982654380e-309, 1.00000000000000, 1.92925491327190e-308], [0, 0, 0, 1.00000000000000]]]}, 'frame2': {'shape': {'color': 'blue', 'points': [[1, 1, 1], [0, 1, 1], [2, 1, 1]], 'name': 'shape2'}, 'name': 'frame2', 'simulation_matrix': [[[0.984807753012208, 0.173648177666930, 0, -0.855050358314172], [-0.171010071662834, 0.969846310392954, 0.173648177666930, 4.84923155196477], [0.0301536896070458, -0.171010071662834, 0.984807753012208, 0.868240888334652], [0, 0, 0, 1.00000000000000]], [[0.984768562871050, 0.173870289528966, 0, -0.856142872387446], [-0.171228574477489, 0.969806386516450, 0.173655831904124, 4.84903193258225], [0.0301935897715636, -0.171010804018401, 0.984806403333004, 0.868279159520621], [0, 0, 0, 1.00000000000000]], [[0.984486567312166, 0.175459963472892, 0, -0.863953961989447], [-0.172790792397889, 0.969510141823486, 0.173762559154481, 4.84755070911743], [0.0304883722822014, -0.171066905389372, 0.984787577620720, 0.868812795772403], [0, 0, 0, 1.00000000000000]], [[0.983695694944213, 0.179840984617583, 0, -0.885455649247052], [-0.177091129849410, 0.968654516744898, 0.174204359642255, 4.84327258372449], [0.0313290835627387, -0.171364078620600, 0.984709521169381, 0.871021798211275], [0, 0, 0, 1.00000000000000]], [[0.982089634790237, 0.188414302104642, 0, -0.927476114550683], [-0.185495222910137, 0.966874243028400, 0.175344576322674, 4.83437121514200], [0.0330374259756707, -0.172204090923183, 0.984507125192206, 0.876722881613369], [0, 0, 0, 1.00000000000000]], [[0.979290893702401, 0.202458256219777, 0, -0.996190809054969], [-0.199238161810994, 0.963715292142541, 0.177642873678604, 4.81857646071271], [0.0359652664348403, -0.173964048524583, 0.984095020529627, 0.888214368393021], [0, 0, 0, 1.00000000000000]], [[0.974813056836151, 0.223023550823132, 0, -1.09657325088955], [-0.219314650177911, 0.958601832675626, 0.181613905327407, 4.79300916337813], [0.0405041780449746, -0.177039606216161, 0.983369914829474, 0.908069526637036], [0, 0, 0, 1.00000000000000]], [[0.968030619216513, 0.250832055884600, 0, -1.23185210339954], [-0.246370420679908, 0.950811928907237, 0.187771913932051, 4.75405964453618], [0.0470992152089623, -0.181768962115113, 0.982212659426814, 0.938859569660253], [0, 0, 0, 1.00000000000000]], [[0.958171591194371, 0.286194342760381, 0, -1.40305704346329], [-0.280611408692657, 0.939480065821758, 0.196556463223845, 4.69740032910879], [0.0562533478076534, -0.188334819126730, 0.980492507245687, 0.982782316119226], [0, 0, 0, 1.00000000000000]], [[0.944342457918669, 0.328964013491029, 0, -1.60876593038757], [-0.321753186077513, 0.923642654280444, 0.208228562984875, 4.61821327140222], [0.0684997038029740, -0.196639072978009, 0.978080193827303, 1.04114281492437], [0, 0, 0, 1.00000000000000]], [[0.925580139237444, 0.378551721498124, 0, -1.84522370771415], [-0.369044741542831, 0.902335041326057, 0.222704853864231, 4.51167520663028], [0.0843053058162929, -0.206131189648510, 0.974885915410266, 1.11352426932116], [0, 0, 0, 1.00000000000000]], [[0.900889103417221, 0.434049332846068, 0, -2.10723008435781], [-0.421446016871562, 0.874730348710914, 0.239228075081455, 4.37365174355457], [0.103836786387155, -0.215517966072360, 0.970963402035742, 1.19614037540728], [0, 0, 0, 1.00000000000000]], [[0.869094299316042, 0.494646438273196, 0, -2.39113436742823], [-0.478226873485646, 0.840245107145718, 0.255513634457782, 4.20122553572859], [0.126388909214781, -0.222065443104781, 0.966805452304741, 1.27756817228891], [0, 0, 0, 1.00000000000000]], [[0.827637038900966, 0.561263691894676, 0, -2.70623154097068], [-0.541246308194136, 0.798119490533402, 0.264684175380625, 3.99059745266701], [0.148557617460227, -0.219062427155964, 0.964335152995616, 1.32342087690313], [0, 0, 0, 1.00000000000000]], [[0.761603601825451, 0.648043172702637, 0, -3.14946692562030], [-0.629893385124061, 0.740273319871299, 0.235010074813139, 3.70136659935649], [0.152296674498991, -0.178984519442955, 0.971992934509466, 1.17505037406570], [0, 0, 0, 1.00000000000000]], [[0.737154007925386, 0.675724772817706, 0, -3.30407988508459], [-0.660815977016917, 0.720889873443436, 0.208901974346542, 3.60444936721718], [0.141160239156487, -0.153992927653080, 0.977936585425720, 1.04450987173271], [0, 0, 0, 1.00000000000000]], [[1.00000000000000, 3.99467369622598e-250, 0, -1.99733684811299e-249], [-3.99467369622598e-250, 1.00000000000000, 1.08614431068294e-153, 5.00000000000000], [4.33879210819062e-403, -1.08614431068294e-153, 1.00000000000000, 5.43072155341468e-153], [0, 0, 0, 1.00000000000000]], [[1.00000000000000, 4.47191368004249e-33, 0, -2.23595684002124e-32], [-4.47191368004249e-33, 1.00000000000000, 1.99490740954182e-105, 5.00000000000000], [8.92105373514818e-138, -1.99490740954182e-105, 1.00000000000000, 9.97453704770910e-105], [0, 0, 0, 1.00000000000000]], [[1.00000000000000, 6.17469290455064e-114, 0, -3.08734645227532e-113], [-6.17469290455064e-114, 1.00000000000000, 3.99505731174968e-250, 5.00000000000000], [2.46682520361339e-363, -3.99505731174968e-250, 1.00000000000000, 1.99752865587484e-249], [0, 0, 0, 1.00000000000000]], [[1.00000000000000, 3.99531305543215e-250, 0, -1.99765652771608e-249], [-3.99531305543215e-250, 1.00000000000000, -8.03288870852078e-43, 5.00000000000000], [-3.20939051299866e-292, 8.03288870852078e-43, 1.00000000000000, -4.01644435426039e-42], [0, 0, 0, 1.00000000000000]], [[1.00000000000000, 3.38519866536899e-309, 0, -1.69259933268450e-308], [-3.38519866536899e-309, 1.00000000000000, 0, 5.00000000000000], [0, 0, 1.00000000000000, 0], [0, 0, 0, 1.00000000000000]], [[1.00000000000000, 3.38534720507436e-309, 0, -1.69267360253718e-308], [-3.38534720507436e-309, 1.00000000000000, 3.63718665208075e-250, 5.00000000000000], [1.23131396669554e-558, -3.63718665208075e-250, 1.00000000000000, 1.81859332604038e-249], [0, 0, 0, 1.00000000000000]], [[1.00000000000000, 3.99608028647956e-250, 0, -1.99804014323978e-249], [-3.99608028647956e-250, 1.00000000000000, 1.93789790289746e-261, 5.00000000000000], [7.74399560697862e-511, -1.93789790289746e-261, 1.00000000000000, 9.68948951448729e-261], [0, 0, 0, 1.00000000000000]], [[1.00000000000000, 7.89202631896266e-114, 0, -3.94601315948133e-113], [-7.89202631896266e-114, 1.00000000000000, 4.16471022217559e-256, 5.00000000000000], [3.28680026842626e-369, -4.16471022217559e-256, 1.00000000000000, 2.08235511108780e-255], [0, 0, 0, 1.00000000000000]], [[1.00000000000000, 5.10508500888577e-38, 0, -2.55254250444289e-37], [-5.10508500888577e-38, 1.00000000000000, 4.16471022217559e-256, 5.00000000000000], [2.12611997215819e-293, -4.16471022217559e-256, 1.00000000000000, 2.08235511108780e-255], [0, 0, 0, 1.00000000000000]], [[1.00000000000000, 1.01156591298102e-153, 0, -5.05782956490511e-153], [-1.01156591298102e-153, 1.00000000000000, -8.03288870852078e-43, 5.00000000000000], [-8.12579640030977e-196, 8.03288870852078e-43, 1.00000000000000, -4.01644435426039e-42], [0, 0, 0, 1.00000000000000]], [[1.00000000000000, 3.38623844330657e-309, 0, -1.69311922165328e-308], [-3.38623844330657e-309, 1.00000000000000, 0, 5.00000000000000], [0, 0, 1.00000000000000, 0], [0, 0, 0, 1.00000000000000]], [[1.00000000000000, 3.38642942292775e-309, 0, -1.69321471146388e-308], [-3.38642942292775e-309, 1.00000000000000, 5.10504989104355e-38, 5.00000000000000], [1.72878911565440e-346, -5.10504989104355e-38, 1.00000000000000, 2.55252494552177e-37], [0, 0, 0, 1.00000000000000]], [[1.00000000000000, 3.99759356305683e-250, 0, -1.99879678152841e-249], [-3.99759356305683e-250, 1.00000000000000, 3.99740162883899e-250, 5.00000000000000], [1.59799870203996e-499, -3.99740162883899e-250, 1.00000000000000, 1.99870081441949e-249], [0, 0, 0, 1.00000000000000]], [[1.00000000000000, 0, 0, 0], [0, 1.00000000000000, 2.74903233635542e-105, 5.00000000000000], [0, -2.74903233635542e-105, 1.00000000000000, 1.37451616817771e-104], [0, 0, 0, 1.00000000000000]], [[1.00000000000000, 3.38676894225431e-309, 0, -1.69338447112715e-308], [-3.38676894225431e-309, 1.00000000000000, 2.74903233635442e-105, 5.00000000000000], [9.31033733801795e-414, -2.74903233635442e-105, 1.00000000000000, 1.37451616817721e-104], [0, 0, 0, 1.00000000000000]], [[1.00000000000000, 3.38704480170713e-309, 0, -1.69352240085357e-308], [-3.38704480170713e-309, 1.00000000000000, 2.55841717547746e-250, 5.00000000000000], [8.66547359479919e-559, -2.55841717547746e-250, 1.00000000000000, 1.27920858773873e-249], [0, 0, 0, 1.00000000000000]], [[1.00000000000000, 3.99863772330426e-250, 0, -1.99931886165213e-249], [-3.99863772330426e-250, 1.00000000000000, 1.93789790289746e-261, 5.00000000000000], [7.74895165843799e-511, -1.93789790289746e-261, 1.00000000000000, 9.68948951448729e-261], [0, 0, 0, 1.00000000000000]], [[-0.914047522094875, 0.405607109592792, 0, -2.02803554796396], [-0.405607109592792, -0.914047522094875, 8.43394712843837e-252, -4.57023761047437], [3.42086891722432e-252, 7.70902847422828e-252, 1.00000000000000, 4.21697356421919e-251], [0, 0, 0, 1.00000000000000]], [[1.00000000000000, 3.99914921066919e-250, 0, -1.99957460533460e-249], [-3.99914921066919e-250, 1.00000000000000, -8.03288870852078e-43, 5.00000000000000], [-3.21247205380744e-292, 8.03288870852078e-43, 1.00000000000000, -4.01644435426039e-42], [0, 0, 0, 1.00000000000000]], [[1.00000000000000, 3.38778750023397e-309, 0, -1.69389375011699e-308], [-3.38778750023397e-309, 1.00000000000000, 0, 5.00000000000000], [0, 0, 1.00000000000000, 0], [0, 0, 0, 1.00000000000000]], [[1.00000000000000, 3.38793603993934e-309, 0, -1.69396801996967e-308], [-3.38793603993934e-309, 1.00000000000000, 2.55841717547746e-250, 5.00000000000000], [8.66775375399991e-559, -2.55841717547746e-250, 1.00000000000000, 1.27920858773873e-249], [0, 0, 0, 1.00000000000000]], [[1.00000000000000, 3.99991644171660e-250, 0, -1.99995822085830e-249], [-3.99991644171660e-250, 1.00000000000000, 8.43394712843837e-252, 5.00000000000000], [3.37350837876092e-501, -8.43394712843837e-252, 1.00000000000000, 4.21697356421919e-251], [0, 0, 0, 1.00000000000000]], [[1.00000000000000, 4.00017218539907e-250, 0, -2.00008609269954e-249], [-4.00017218539907e-250, 1.00000000000000, -8.03288870852078e-43, 5.00000000000000], [-3.21329379802311e-292, 8.03288870852078e-43, 1.00000000000000, -4.01644435426039e-42], [0, 0, 0, 1.00000000000000]], [[1.00000000000000, 3.38855141871872e-309, 0, -1.69427570935936e-308], [-3.38855141871872e-309, 1.00000000000000, 0, 5.00000000000000], [0, 0, 1.00000000000000, 0], [0, 0, 0, 1.00000000000000]], [[1.00000000000000, 3.38744798090742e-309, 0, -1.69372399045371e-308], [-3.38744798090742e-309, 1.00000000000000, 7.05390644685065e-71, 5.00000000000000], [2.38947411508941e-379, -7.05390644685065e-71, 1.00000000000000, 3.52695322342533e-70], [0, 0, 0, 1.00000000000000]], [[1.00000000000000, 3.38874239833991e-309, 0, -7.34907092398407e-309], [-1.46981418479681e-309, 0.433734410003208, -0.901040765769879, 2.16867205001604], [-3.05339504559704e-309, 0.901040765769879, 0.433734410003208, -4.50520382884939], [0, 0, 0, 1.00000000000000]], [[1.00000000000000, 4.00117397461224e-250, 0, -2.00058698730612e-249], [-4.00117397461224e-250, 1.00000000000000, 4.00098204039356e-250, 5.00000000000000], [1.60086252129137e-499, -4.00098204039356e-250, 1.00000000000000, 2.00049102019678e-249], [0, 0, 0, 1.00000000000000]], [[1.00000000000000, 0, 0, 0], [0, 1.00000000000000, 7.11747234208651e-38, 5.00000000000000], [0, -7.11747234208651e-38, 1.00000000000000, 3.55873617104325e-37], [0, 0, 0, 1.00000000000000]], [[1.00000000000000, 3.38914557754019e-309, 0, -1.69457278877009e-308], [-3.38914557754019e-309, 1.00000000000000, 7.10964208031835e-38, 5.00000000000000], [2.40956120144046e-346, -7.10964208031835e-38, 1.00000000000000, 3.55482104015918e-37], [0, 0, 0, 1.00000000000000]], [[1.00000000000000, 3.38942143699302e-309, 0, 1.44307634650913e-308], [2.88615269301825e-309, -0.851517802276826, 0.524325693062665, -4.25758901138413], [1.77716074403282e-309, -0.524325693062665, -0.851517802276826, 2.62162846531333], [0, 0, 0, 1.00000000000000]], [[1.00000000000000, 3.38577160423255e-309, 0, -1.69288580211628e-308], [-3.38577160423255e-309, 1.00000000000000, 7.89202733941517e-114, 5.00000000000000], [2.67206020656189e-422, -7.89202733941517e-114, 1.00000000000000, 3.94601366970759e-113], [0, 0, 0, 1.00000000000000]], [[1.00000000000000, 4.00245269302488e-250, 0, -2.00122634651244e-249], [-4.00245269302488e-250, 1.00000000000000, 4.00226075880591e-250, 5.00000000000000], [1.60188593522705e-499, -4.00226075880591e-250, 1.00000000000000, 2.00113037940295e-249], [0, 0, 0, 1.00000000000000]], [[1.00000000000000, 4.00272962222377e-250, 0, -2.00136481111188e-249], [-4.00272962222377e-250, 1.00000000000000, 3.99633603016203e-250, 5.00000000000000], [1.59962526082897e-499, -3.99633603016203e-250, 1.00000000000000, 1.99816801508101e-249], [0, 0, 0, 1.00000000000000]], [[1.00000000000000, 5.10504913564508e-38, 0, -2.55252456782254e-37], [-5.10504913564508e-38, 1.00000000000000, 4.00298536590624e-250, 5.00000000000000], [2.04354369822196e-287, -4.00298536590624e-250, 1.00000000000000, 2.00149268295312e-249], [0, 0, 0, 1.00000000000000]], [[1.00000000000000, 4.00324110958871e-250, 0, -2.00162055479435e-249], [-4.00324110958871e-250, 1.00000000000000, -8.03288870852078e-43, 5.00000000000000], [-3.21575903067013e-292, 8.03288870852078e-43, 1.00000000000000, -4.01644435426039e-42], [0, 0, 0, 1.00000000000000]], [[1.00000000000000, 3.39005803573030e-309, 0, -1.69502901786515e-308], [-3.39005803573030e-309, 1.00000000000000, 0, 5.00000000000000], [0, 0, 1.00000000000000, 0], [0, 0, 0, 1.00000000000000]], [[1.00000000000000, 3.39020657543567e-309, 0, -1.69510328771784e-308], [-3.39020657543567e-309, 1.00000000000000, 3.63718665208075e-250, 5.00000000000000], [1.23308141039710e-558, -3.63718665208075e-250, 1.00000000000000, 1.81859332604038e-249], [0, 0, 0, 1.00000000000000]], [[1.000000000